Index                              		r1                             	r2                       	z1                       	z2                	Flux_Ion               	Flux_Atom                     	E_ion                       	E_atom                    	alpha_ion              	alpha_atom                 	heat_ion                	heat_atom
1.000000000000000000e+00	4.040000000000000036e+00	4.040000000000000036e+00	-1.975440000000000085e+00	-1.917969999999999953e+00	0.000000000000000000e+00	2.268750000000000000e+20	0.000000000000000000e+00	5.122361432506887269e+01	6.000000000000000000e+01	4.500000000000000000e+01	0.000000000000000000e+00	3.517332963673921768e+05
2.000000000000000000e+00	4.040000000000000036e+00	4.040000000000000036e+00	-1.917969999999999953e+00	-1.435950000000000060e+00	5.124200000000000000e+18	1.602250000000000000e+20	3.502440624878029496e+01	5.191847870182555624e+01	6.000000000000000000e+01	4.500000000000000000e+01	9.555276211734152980e+00	3.512240987789108767e+05
3.000000000000000000e+00	4.040000000000000036e+00	4.040000000000000036e+00	-1.435950000000000060e+00	-1.347949999999999982e+00	1.103735000000000000e+19	1.112000000000000000e+20	3.502440010509768342e+01	5.188439523381295260e+01	6.000000000000000000e+01	4.500000000000000000e+01	2.058173527488855825e+01	3.508495539660782670e+05
4.000000000000000000e+00	4.040000000000000036e+00	4.040000000000000036e+00	-1.347949999999999982e+00	-1.268899999999999917e+00	1.424012500000000000e+19	1.103500000000000000e+20	3.502437654163850311e+01	5.212710693248753557e+01	6.000000000000000000e+01	4.500000000000000000e+01	2.655406261750532693e+01	3.508430600733519532e+05
5.000000000000000000e+00	4.040000000000000036e+00	4.040000000000000036e+00	-1.268899999999999917e+00	-9.572699999999999543e-01	2.464837500000000000e+19	9.780000000000000000e+19	3.502429166222925261e+01	5.240921140081799479e+01	6.000000000000000000e+01	4.500000000000000000e+01	4.596269296580984332e+01	3.507471796572163003e+05
6.000000000000000000e+00	4.040000000000000036e+00	4.040000000000000036e+00	-9.572699999999999543e-01	-7.759000000000000341e-01	4.462125000000000000e+19	9.166250000000000000e+19	3.502403563324649127e+01	5.394176053456975239e+01	6.000000000000000000e+01	4.500000000000000000e+01	8.320681641287275454e+01	3.507002899317953852e+05
7.000000000000000000e+00	4.040000000000000036e+00	4.040000000000000036e+00	-7.759000000000000341e-01	-6.106000000000000316e-01	6.495375000000000000e+19	8.728750000000000000e+19	3.502372842214652593e+01	5.335093799226693534e+01	6.000000000000000000e+01	4.500000000000000000e+01	1.211215452632464036e+02	3.506668654839393566e+05
8.000000000000000000e+00	4.040000000000000036e+00	4.040000000000000036e+00	-6.106000000000000316e-01	-4.552700000000000080e-01	8.908875000000000819e+19	9.930000000000000000e+19	3.502325630340531148e+01	5.399480991943605090e+01	6.000000000000000000e+01	4.500000000000000000e+01	1.661269297857482456e+02	3.507586394679098157e+05
9.000000000000000000e+00	4.040000000000000036e+00	4.040000000000000036e+00	-4.552700000000000080e-01	-3.061900000000000177e-01	1.180875000000000000e+20	9.828750000000000000e+19	3.502259976712183231e+01	5.422618466234261803e+01	6.000000000000000000e+01	4.500000000000000000e+01	2.202019202320668114e+02	3.507509040956916870e+05
1.000000000000000000e+01	4.040000000000000036e+00	4.040000000000000036e+00	-3.061900000000000177e-01	-1.604099999999999970e-01	1.507500000000000000e+20	1.193875000000000000e+20	3.502172470978440799e+01	5.402799811538058350e+01	6.000000000000000000e+01	4.500000000000000000e+01	2.811088343388087196e+02	3.509121054327802849e+05
1.100000000000000000e+01	4.040000000000000036e+00	4.040000000000000036e+00	-1.604099999999999970e-01	-1.481999999999999984e-02	1.850375000000000164e+20	1.326000000000000000e+20	3.502073903938390487e+01	5.353539027149321328e+01	6.000000000000000000e+01	4.500000000000000000e+01	3.450459431772293328e+02	3.510130472653055331e+05
1.200000000000000000e+01	4.040000000000000036e+00	4.040000000000000036e+00	-1.481999999999999984e-02	1.343900000000000095e-01	2.206374999999999836e+20	1.427875000000000000e+20	3.501963061582912928e+01	5.319686071960080653e+01	6.000000000000000000e+01	4.500000000000000000e+01	4.114305169912365159e+02	3.510908784795989050e+05
1.300000000000000000e+01	4.040000000000000036e+00	4.040000000000000036e+00	1.343900000000000095e-01	2.908399999999999874e-01	2.565000000000000000e+20	1.670500000000000000e+20	3.501842105263158089e+01	5.335536815324753235e+01	6.000000000000000000e+01	4.500000000000000000e+01	4.783045838003611152e+02	3.512762409175662906e+05
1.400000000000000000e+01	4.040000000000000036e+00	4.040000000000000036e+00	2.908399999999999874e-01	4.591799999999999771e-01	2.912500000000000000e+20	1.788750000000000000e+20	3.501714592274677784e+01	5.157973794549266700e+01	6.000000000000000000e+01	4.500000000000000000e+01	5.431041326777979066e+02	3.513665824252000893e+05
1.500000000000000000e+01	4.040000000000000036e+00	4.040000000000000036e+00	4.591799999999999771e-01	6.490099999999999758e-01	3.170000000000000000e+20	1.915000000000000000e+20	3.501589116719242867e+01	5.114564621409921585e+01	6.000000000000000000e+01	4.500000000000000000e+01	5.911210645797834786e+02	3.514630358318703948e+05
1.600000000000000000e+01	4.040000000000000036e+00	4.040000000000000036e+00	6.490099999999999758e-01	8.838200000000000500e-01	3.312500000000000000e+20	1.875000000000000000e+20	3.501464150943396447e+01	5.124019333333333037e+01	6.000000000000000000e+01	4.500000000000000000e+01	6.176935414575813184e+02	3.514324763366877451e+05
1.700000000000000000e+01	4.040000000000000036e+00	4.040000000000000036e+00	8.838200000000000500e-01	1.480320000000000080e+00	1.239625000000000000e+20	8.682500000000000000e+19	3.501336089543208629e+01	5.050515692484883346e+01	6.000000000000000000e+01	4.500000000000000000e+01	2.311572396465975032e+02	3.506633320423088735e+05
1.800000000000000000e+01	4.040000000000000036e+00	4.040000000000000036e+00	1.480320000000000080e+00	1.864200000000000079e+00	9.142500000000000000e+19	7.030000000000000000e+19	3.501281104730653482e+01	4.927443456614510353e+01	6.000000000000000000e+01	4.500000000000000000e+01	1.704834174422924491e+02	3.505370831278354744e+05
1.900000000000000000e+01	4.040000000000000036e+00	4.040000000000000036e+00	1.864200000000000079e+00	2.033640000000000114e+00	2.365000000000000000e+20	1.230000000000000000e+20	3.501300211416490527e+01	4.924481707317073642e+01	6.000000000000000000e+01	4.500000000000000000e+01	4.410098794104694093e+02	3.509397044768671622e+05
2.000000000000000000e+01	4.040000000000000036e+00	4.040000000000000036e+00	2.033640000000000114e+00	2.174170000000000158e+00	2.615000000000000000e+20	1.436250000000000000e+20	3.501314531548757003e+01	4.951040034812879753e+01	6.000000000000000000e+01	4.500000000000000000e+01	4.876282598978339706e+02	3.510972768739028252e+05
2.100000000000000000e+01	4.040000000000000036e+00	4.040000000000000036e+00	2.174170000000000158e+00	2.339690000000000047e+00	2.882500000000000000e+20	1.517500000000000000e+20	3.501333477883781597e+01	4.957601317957166742e+01	6.000000000000000000e+01	4.500000000000000000e+01	5.375099270193142047e+02	3.511593508484925842e+05
2.200000000000000000e+01	4.040000000000000036e+00	4.040000000000000036e+00	2.339690000000000047e+00	2.537110000000000198e+00	2.592500000000000000e+20	1.412500000000000000e+20	3.501405496624879277e+01	5.015151327433628126e+01	6.000000000000000000e+01	4.500000000000000000e+01	4.834326056539711658e+02	3.510791321736380924e+05
2.300000000000000000e+01	4.040000000000000036e+00	4.040000000000000036e+00	2.537110000000000198e+00	2.721859999999999946e+00	2.165000000000000000e+20	1.242500000000000000e+20	3.501498267898382721e+01	5.075566599597584627e+01	6.000000000000000000e+01	4.500000000000000000e+01	4.037151750205776466e+02	3.509492543191117584e+05
2.400000000000000000e+01	4.040000000000000036e+00	4.040000000000000036e+00	2.721859999999999946e+00	2.864840000000000053e+00	1.732500000000000000e+20	1.044500000000000000e+20	3.501598124098124032e+01	5.121814863571086107e+01	6.000000000000000000e+01	4.500000000000000000e+01	3.230653767774368816e+02	3.507979848179575056e+05
2.500000000000000000e+01	4.040000000000000036e+00	4.040000000000000036e+00	2.864840000000000053e+00	3.009419999999999984e+00	1.336000000000000000e+20	8.923750000000000000e+19	3.501712200598802127e+01	5.173258719708643127e+01	6.000000000000000000e+01	4.500000000000000000e+01	2.491286253244765589e+02	3.506817632378409035e+05
2.600000000000000000e+01	4.040000000000000036e+00	4.040000000000000036e+00	3.009419999999999984e+00	3.145579999999999821e+00	9.840000000000000000e+19	7.756250000000000000e+19	3.501841971544715904e+01	5.221893311845285979e+01	6.000000000000000000e+01	4.500000000000000000e+01	1.834899455982671839e+02	3.505925677112764679e+05
2.700000000000000000e+01	4.040000000000000036e+00	4.040000000000000036e+00	3.145579999999999821e+00	3.291349999999999998e+00	6.720000000000000000e+19	6.917500000000000000e+19	3.501990327380951840e+01	5.251520599927719246e+01	6.000000000000000000e+01	4.500000000000000000e+01	1.253102067500361159e+02	3.505284882698153378e+05
2.800000000000000000e+01	4.040000000000000036e+00	4.040000000000000036e+00	3.291349999999999998e+00	3.455220000000000180e+00	3.817250000000000000e+19	6.717500000000000000e+19	3.502187438601086455e+01	5.251767584666914956e+01	6.000000000000000000e+01	4.500000000000000000e+01	7.118160516615705546e+01	3.505132085222239839e+05
2.900000000000000000e+01	4.040000000000000036e+00	4.040000000000000036e+00	3.455220000000000180e+00	3.588000000000000078e+00	0.000000000000000000e+00	7.236250000000000000e+19	0.000000000000000000e+00	5.243919675246155521e+01	6.000000000000000000e+01	4.500000000000000000e+01	0.000000000000000000e+00	3.505528403675390291e+05
3.000000000000000000e+01	4.040000000000000036e+00	4.058130000000000237e+00	3.588000000000000078e+00	3.639470000000000205e+00	0.000000000000000000e+00	6.903750000000000000e+19	0.000000000000000000e+00	5.281288792323012160e+01	6.000000000000000000e+01	4.500000000000000000e+01	0.000000000000000000e+00	3.505274377871684264e+05
3.100000000000000000e+01	4.058130000000000237e+00	4.087769999999999904e+00	3.639470000000000205e+00	3.723599999999999799e+00	6.925000000000000000e+19	7.675000000000000000e+19	3.502187725631768700e+01	5.285366775244299475e+01	6.000000000000000000e+01	4.500000000000000000e+01	1.291329139500000167e+02	3.505863603138175095e+05
3.200000000000000000e+01	4.087769999999999904e+00	4.122639999999999638e+00	3.723599999999999799e+00	3.822589999999999932e+00	9.327500000000000000e+19	8.905000000000000000e+19	3.501990083087643768e+01	5.251534671532846943e+01	6.000000000000000000e+01	4.500000000000000000e+01	1.739331775983574175e+02	3.506803307615042431e+05
3.300000000000000000e+01	4.122639999999999638e+00	4.162309999999999732e+00	3.822589999999999932e+00	3.922969999999999846e+00	1.242000000000000000e+20	1.003000000000000000e+20	3.501841787439613540e+01	5.225404910269192271e+01	6.000000000000000000e+01	4.500000000000000000e+01	2.316001142612274464e+02	3.507662793417054927e+05
3.400000000000000000e+01	4.162309999999999732e+00	4.219549999999999912e+00	3.922969999999999846e+00	4.066119999999999735e+00	1.249500000000000000e+20	1.152125000000000000e+20	3.501710684273709262e+01	5.180789627861560120e+01	6.000000000000000000e+01	4.500000000000000000e+01	2.329986656758484287e+02	3.508802089596833684e+05
3.500000000000000000e+01	4.219549999999999912e+00	4.321439999999999948e+00	4.066119999999999735e+00	4.320899999999999963e+00	8.685000000000000000e+19	1.588750000000000000e+20	3.501597582037996403e+01	5.127778127458694257e+01	6.000000000000000000e+01	4.500000000000000000e+01	1.619522538131047327e+02	3.512137849492867244e+05
3.600000000000000000e+01	4.321439999999999948e+00	4.413820000000000299e+00	4.320899999999999963e+00	4.379209999999999603e+00	3.720000000000000000e+20	1.950000000000000000e+20	3.501498655913978553e+01	5.109764102564102473e+01	6.000000000000000000e+01	4.500000000000000000e+01	6.936815016519856272e+02	3.514897753901552060e+05
3.700000000000000000e+01	4.413820000000000299e+00	4.629509999999999792e+00	4.379209999999999603e+00	4.515369999999999884e+00	1.830000000000000000e+20	1.662500000000000000e+20	3.501403688524590052e+01	5.099348872180451053e+01	6.000000000000000000e+01	4.500000000000000000e+01	3.412465451675091117e+02	3.512701290185297839e+05
3.800000000000000000e+01	4.629509999999999792e+00	4.793840000000000323e+00	4.515369999999999884e+00	4.619279999999999831e+00	1.690000000000000000e+20	1.817500000000000000e+20	3.501364644970414020e+01	5.082922971114167865e+01	6.000000000000000000e+01	4.500000000000000000e+01	3.151402520945848664e+02	3.513885470623626607e+05
3.900000000000000000e+01	4.793840000000000323e+00	4.860269999999999868e+00	4.619279999999999831e+00	4.661279999999999646e+00	4.607500000000000655e+20	2.561250000000000000e+20	3.501393109061312003e+01	5.048954612005856291e+01	6.000000000000000000e+01	4.500000000000000000e+01	8.591767523821301893e+02	3.519567626759154373e+05
4.000000000000000000e+01	4.860269999999999868e+00	4.911059999999999981e+00	4.661279999999999646e+00	4.693399999999999572e+00	5.465000000000000000e+20	2.818750000000000000e+20	3.501423833485819159e+01	5.053491352549889370e+01	6.000000000000000000e+01	4.500000000000000000e+01	1.019077797453790822e+03	3.521534894261538866e+05
4.100000000000000000e+01	4.911059999999999981e+00	5.061320000000000263e+00	4.693399999999999572e+00	4.661100000000000243e+00	1.274750000000000000e+20	2.392500000000000000e+20	3.501451264953912812e+01	5.069865203761754913e+01	6.000000000000000000e+01	4.500000000000000000e+01	2.377071221050722443e+02	3.518278398056135629e+05
4.200000000000000000e+01	5.061320000000000263e+00	5.151640000000000441e+00	4.661100000000000243e+00	4.641680000000000028e+00	2.022500000000000000e+20	1.902500000000000000e+20	3.501470951792335740e+01	5.110375821287779274e+01	6.000000000000000000e+01	4.500000000000000000e+01	3.771426981427798637e+02	3.514534859896257985e+05
4.300000000000000000e+01	5.151640000000000441e+00	5.220880000000000187e+00	4.641680000000000028e+00	4.626800000000000246e+00	2.505000000000000000e+20	1.867500000000000000e+20	3.501494510978044161e+01	5.111002677376171732e+01	6.000000000000000000e+01	4.500000000000000000e+01	4.671161724833935409e+02	3.514267464313409873e+05
4.400000000000000000e+01	5.220880000000000187e+00	5.278640000000000221e+00	4.626800000000000246e+00	4.614399999999999835e+00	2.872500000000000000e+20	1.860000000000000000e+20	3.501518711923411331e+01	5.126087365591396861e+01	6.000000000000000000e+01	4.500000000000000000e+01	5.356451917998195995e+02	3.514210165259942296e+05
4.500000000000000000e+01	5.278640000000000221e+00	5.328839999999999577e+00	4.614399999999999835e+00	4.603629999999999889e+00	3.147500000000000000e+20	1.861250000000000000e+20	3.501540905480540289e+01	5.121486232370718028e+01	6.000000000000000000e+01	4.500000000000000000e+01	5.869254103359206738e+02	3.514219715102186892e+05
4.600000000000000000e+01	5.328839999999999577e+00	5.429509999999999614e+00	4.603629999999999889e+00	4.582019999999999982e+00	3.487499999999999345e+20	1.852500000000000000e+20	3.501582437275985882e+01	5.140076923076922810e+01	6.000000000000000000e+01	4.500000000000000000e+01	6.503264077987364544e+02	3.514152866206474719e+05
4.700000000000000000e+01	5.429509999999999614e+00	5.512050000000000338e+00	4.582019999999999982e+00	4.564300000000000246e+00	3.810000000000000000e+20	1.767500000000000000e+20	3.501642060367453979e+01	5.183312588401696530e+01	6.000000000000000000e+01	4.500000000000000000e+01	7.104641186274369602e+02	3.513503476933842758e+05
4.800000000000000000e+01	5.512050000000000338e+00	5.542600000000000193e+00	4.564300000000000246e+00	4.557739999999999903e+00	3.352500000000000000e+20	1.625375000000000164e+20	3.501776659209544817e+01	5.211995539490885676e+01	6.000000000000000000e+01	4.500000000000000000e+01	6.251524823355596254e+02	3.512417659870633506e+05
4.900000000000000000e+01	5.542600000000000193e+00	5.634249999999999758e+00	4.557739999999999903e+00	4.538059999999999761e+00	2.466750000000000000e+20	1.364375000000000000e+20	3.501986419377723792e+01	5.283985707741639715e+01	6.000000000000000000e+01	4.500000000000000000e+01	4.599835602688267500e+02	3.510423652809964260e+05
5.000000000000000000e+01	5.634249999999999758e+00	5.715559999999999974e+00	4.538059999999999761e+00	4.520599999999999952e+00	1.027300000000000000e+20	1.015500000000000000e+20	3.502354472890100112e+01	5.324336410635154948e+01	6.000000000000000000e+01	4.500000000000000000e+01	1.915642490986787436e+02	3.507758291839500889e+05
5.100000000000000000e+01	5.715559999999999974e+00	5.746269999999999989e+00	4.520599999999999952e+00	4.514009999999999856e+00	0.000000000000000000e+00	8.332500000000000000e+19	0.000000000000000000e+00	5.288298529852984586e+01	6.000000000000000000e+01	4.500000000000000000e+01	0.000000000000000000e+00	3.506365924840240041e+05
5.200000000000000000e+01	5.746269999999999989e+00	5.876140000000000363e+00	4.514009999999999856e+00	4.414019999999999833e+00	0.000000000000000000e+00	9.852500000000000000e+19	0.000000000000000000e+00	5.238927810200456037e+01	6.000000000000000000e+01	4.500000000000000000e+01	0.000000000000000000e+00	3.507527185657181544e+05
5.300000000000000000e+01	5.876140000000000363e+00	6.121389999999999887e+00	4.414019999999999833e+00	4.225209999999999688e+00	2.644250000000000000e+19	6.793750000000000000e+19	3.502354164696983219e+01	5.287974425022999014e+01	6.000000000000000000e+01	4.500000000000000000e+01	4.930826104148556510e+01	3.505190339259931934e+05
5.400000000000000000e+01	6.121389999999999887e+00	6.494650000000000034e+00	4.225209999999999688e+00	3.937860000000000138e+00	3.755000000000000000e+19	4.367500000000000000e+19	3.501987350199733839e+01	5.324632512879222190e+01	6.000000000000000000e+01	4.500000000000000000e+01	7.002080749202167453e+01	3.503336714880258078e+05
5.500000000000000000e+01	6.494650000000000034e+00	6.561600000000000321e+00	3.937860000000000138e+00	3.886309999999999931e+00	3.696750000000000000e+18	3.392500000000000000e+19	3.502344965172110847e+01	5.306880987472365518e+01	6.000000000000000000e+01	4.500000000000000000e+01	6.893459922666607120e+00	3.502591827185180155e+05
5.600000000000000000e+01	6.561600000000000321e+00	6.583309999999999995e+00	3.886309999999999931e+00	3.869590000000000085e+00	0.000000000000000000e+00	3.616250000000000000e+19	0.000000000000000000e+00	5.298099896301417289e+01	6.000000000000000000e+01	4.500000000000000000e+01	0.000000000000000000e+00	3.502762769361358369e+05
5.700000000000000000e+01	6.583309999999999995e+00	6.591840000000000366e+00	3.869590000000000085e+00	3.862150000000000194e+00	0.000000000000000000e+00	3.758750000000000000e+19	0.000000000000000000e+00	5.358963086132358455e+01	6.000000000000000000e+01	4.500000000000000000e+01	0.000000000000000000e+00	3.502871637562946416e+05
5.800000000000000000e+01	6.591840000000000366e+00	6.602890000000000370e+00	3.862150000000000194e+00	3.852520000000000167e+00	2.585250000000000000e+19	3.902500000000000000e+19	3.502345034329368190e+01	5.317417040358743918e+01	6.000000000000000000e+01	4.500000000000000000e+01	4.820806726198376424e+01	3.502981460748759564e+05
5.900000000000000000e+01	6.602890000000000370e+00	6.759290000000000020e+00	3.852520000000000167e+00	3.716149999999999842e+00	5.015000000000000000e+19	4.900000000000000000e+19	3.501775922233299809e+01	5.280172448979591593e+01	6.000000000000000000e+01	4.500000000000000000e+01	9.351647125765344981e+01	3.503743538159877062e+05
6.000000000000000000e+01	6.759290000000000020e+00	6.961759999999999948e+00	3.716149999999999842e+00	3.539590000000000014e+00	1.207750000000000000e+20	8.008750000000000000e+19	3.501728420616849036e+01	5.264867020446386903e+01	6.000000000000000000e+01	4.500000000000000000e+01	2.252133961344585487e+02	3.506118583926105639e+05
6.100000000000000000e+01	6.961759999999999948e+00	7.041800000000000281e+00	3.539590000000000014e+00	3.469800000000000217e+00	2.427500000000000000e+20	1.121875000000000000e+20	3.501807415036045512e+01	5.312490807799441939e+01	6.000000000000000000e+01	4.500000000000000000e+01	4.526644745323105781e+02	3.508570983414514922e+05
6.200000000000000000e+01	7.041800000000000281e+00	7.153909999999999769e+00	3.469800000000000217e+00	3.372030000000000083e+00	2.585000000000000000e+20	1.175500000000000000e+20	3.501922147001933894e+01	5.364815823054019006e+01	6.000000000000000000e+01	4.500000000000000000e+01	4.820340542393502119e+02	3.508980671646807459e+05
6.300000000000000000e+01	7.153909999999999769e+00	7.227310000000000123e+00	3.372030000000000083e+00	3.308019999999999960e+00	2.259250000000000000e+20	1.040500000000000000e+20	3.502105234037844639e+01	5.438326525708794179e+01	6.000000000000000000e+01	4.500000000000000000e+01	4.212903044643141470e+02	3.507949288684392232e+05
6.400000000000000000e+01	7.227310000000000123e+00	7.295779999999999710e+00	3.308019999999999960e+00	3.248320000000000096e+00	1.678750000000000000e+20	8.491250000000000000e+19	3.502274758004467259e+01	5.513015309877815184e+01	6.000000000000000000e+01	4.500000000000000000e+01	3.130424249726534640e+02	3.506487207836746238e+05
6.500000000000000000e+01	7.295779999999999710e+00	7.354709999999999859e+00	3.248320000000000096e+00	3.196930000000000049e+00	1.159000000000000000e+20	6.398750000000000000e+19	3.502394305435720412e+01	5.565104903301426020e+01	6.000000000000000000e+01	4.500000000000000000e+01	2.161228119394224336e+02	3.504888564245002926e+05
6.600000000000000000e+01	7.354709999999999859e+00	7.361189999999999678e+00	3.196930000000000049e+00	3.191279999999999895e+00	9.269250000000000000e+19	5.588375000000000000e+19	3.502434797853116777e+01	5.556126736305276381e+01	6.000000000000000000e+01	4.500000000000000000e+01	1.728469693330018231e+02	3.504269447972286725e+05
6.700000000000000000e+01	7.361189999999999678e+00	7.369849999999999568e+00	3.191279999999999895e+00	3.183730000000000171e+00	5.642525000000000000e+19	5.218000000000000000e+19	3.502474512740306523e+01	5.545597738597163584e+01	6.000000000000000000e+01	4.500000000000000000e+01	1.052181509437868385e+02	3.503986486146579264e+05
6.800000000000000000e+01	7.369849999999999568e+00	7.398620000000000196e+00	3.183730000000000171e+00	3.158640000000000114e+00	0.000000000000000000e+00	4.488875000000000000e+19	0.000000000000000000e+00	5.623059006989501540e+01	6.000000000000000000e+01	4.500000000000000000e+01	0.000000000000000000e+00	3.503429443848452647e+05
6.900000000000000000e+01	7.398620000000000196e+00	7.490420000000000300e+00	3.158640000000000114e+00	3.027190000000000047e+00	0.000000000000000000e+00	4.152500000000000000e+19	0.000000000000000000e+00	5.519855930162552227e+01	6.000000000000000000e+01	4.500000000000000000e+01	0.000000000000000000e+00	3.503172457593650906e+05
7.000000000000000000e+01	7.490420000000000300e+00	7.567499999999999893e+00	3.027190000000000047e+00	2.916830000000000034e+00	4.253500000000000000e+18	2.957000000000000000e+19	3.502474432820030614e+01	5.521095197835643376e+01	6.000000000000000000e+01	4.500000000000000000e+01	7.931651256120217042e+00	3.502259110681379098e+05
7.100000000000000000e+01	7.567499999999999893e+00	7.685839999999999783e+00	2.916830000000000034e+00	2.747380000000000155e+00	1.266875000000000000e+19	2.181750000000000000e+19	3.502452392698569383e+01	5.585918184943278675e+01	6.000000000000000000e+01	4.500000000000000000e+01	2.362386431197202441e+01	3.501666829465369810e+05
7.200000000000000000e+01	7.685839999999999783e+00	7.733120000000000438e+00	2.747380000000000155e+00	2.679679999999999840e+00	2.401097500000000000e+19	1.777625000000000000e+19	3.502472827529910404e+01	5.699104563673440538e+01	6.000000000000000000e+01	4.500000000000000000e+01	4.477411073690399235e+01	3.501358083065602696e+05
7.300000000000000000e+01	7.733120000000000438e+00	7.788269999999999804e+00	2.679679999999999840e+00	2.600709999999999855e+00	2.034540000000000000e+19	1.573000000000000000e+19	3.502487048669478042e+01	5.732187857596947822e+01	6.000000000000000000e+01	4.500000000000000000e+01	3.793878393470513544e+01	3.501201752148058731e+05
7.400000000000000000e+01	7.788269999999999804e+00	7.831610000000000404e+00	2.600709999999999855e+00	2.538660000000000139e+00	1.472662500000000000e+19	1.279125000000000000e+19	3.502493358118373834e+01	5.746324538258574677e+01	6.000000000000000000e+01	4.500000000000000000e+01	2.746125630178944732e+01	3.500977235356888268e+05
7.500000000000000000e+01	7.831610000000000404e+00	7.876369999999999649e+00	2.538660000000000139e+00	2.474559999999999871e+00	9.041000000000000000e+18	1.046375000000000000e+19	3.502490252737528920e+01	5.745988651296141825e+01	6.000000000000000000e+01	4.500000000000000000e+01	1.685907111945054382e+01	3.500799417294294108e+05
7.600000000000000000e+01	7.876369999999999649e+00	7.881009999999999849e+00	2.474559999999999871e+00	2.467919999999999892e+00	1.073475000000000000e+18	9.760000000000000000e+18	3.502410454365494985e+01	5.672672771516393198e+01	6.000000000000000000e+01	4.500000000000000000e+01	2.001746639746949885e+00	3.500745651682456955e+05
7.700000000000000000e+01	7.881009999999999849e+00	7.898460000000000036e+00	2.467919999999999892e+00	2.442940000000000111e+00	0.000000000000000000e+00	9.266250000000000000e+18	0.000000000000000000e+00	5.747535680561176008e+01	6.000000000000000000e+01	4.500000000000000000e+01	0.000000000000000000e+00	3.500707929805591120e+05
7.800000000000000000e+01	7.898460000000000036e+00	7.948459999999999859e+00	2.442940000000000111e+00	2.335620000000000029e+00	0.000000000000000000e+00	1.007500000000000000e+19	0.000000000000000000e+00	5.589489205955334938e+01	6.000000000000000000e+01	4.500000000000000000e+01	0.000000000000000000e+00	3.500769717284913640e+05
7.900000000000000000e+01	7.948459999999999859e+00	7.990260000000000140e+00	2.335620000000000029e+00	2.245909999999999851e+00	6.521000000000000000e+16	7.852500000000000000e+18	3.502410289832847923e+01	5.627412766634829211e+01	6.000000000000000000e+01	4.500000000000000000e+01	1.215993836632418973e-01	3.500599921089804848e+05
8.000000000000000000e+01	7.990260000000000140e+00	8.095299999999999940e+00	2.245909999999999851e+00	2.020439999999999792e+00	8.305750000000000000e+17	6.358750000000000000e+18	3.502472157842458955e+01	5.598845488500097645e+01	6.000000000000000000e+01	4.500000000000000000e+01	1.548802454931715200e+00	3.500485800474982243e+05
8.100000000000000000e+01	8.095299999999999940e+00	8.137909999999999755e+00	2.020439999999999792e+00	1.928979999999999917e+00	5.950750000000000000e+17	5.635500000000000000e+18	3.502400432718565071e+01	5.666599503149676309e+01	6.000000000000000000e+01	4.500000000000000000e+01	1.109657310740740366e+00	3.500430545087754726e+05
8.200000000000000000e+01	8.137909999999999755e+00	8.170019999999999172e+00	1.928979999999999917e+00	1.860060000000000047e+00	1.692250000000000000e+17	5.839500000000000000e+18	3.502062343034421588e+01	5.720761452179124262e+01	6.000000000000000000e+01	4.500000000000000000e+01	3.155598175189711641e-01	3.500446130430297926e+05
8.300000000000000000e+01	8.170019999999999172e+00	8.201639999999999375e+00	1.860060000000000047e+00	1.792189999999999950e+00	6.960000000000000000e+16	5.892500000000000000e+18	3.501249999999999574e+01	5.754539287229528099e+01	6.000000000000000000e+01	4.500000000000000000e+01	1.297855712768231362e-01	3.500450179563409765e+05
8.400000000000000000e+01	8.201639999999999375e+00	8.258570000000000633e+00	1.792189999999999950e+00	1.669999999999999929e+00	0.000000000000000000e+00	6.016000000000000000e+18	0.000000000000000000e+00	5.756449426529255220e+01	6.000000000000000000e+01	4.500000000000000000e+01	0.000000000000000000e+00	3.500459614807547187e+05
8.500000000000000000e+01	8.258570000000000633e+00	8.270440000000000680e+00	1.669999999999999929e+00	1.570140000000000091e+00	0.000000000000000000e+00	7.082500000000000000e+18	0.000000000000000000e+00	5.672377162019061103e+01	6.000000000000000000e+01	4.500000000000000000e+01	0.000000000000000000e+00	3.500541094061578042e+05
8.600000000000000000e+01	8.270440000000000680e+00	8.276170000000000471e+00	1.570140000000000091e+00	1.521970000000000045e+00	1.067500000000000000e+17	7.282875000000000000e+18	3.501250000000000284e+01	5.731479978717196389e+01	6.000000000000000000e+01	4.500000000000000000e+01	1.990604846810469786e-01	3.500556402458696393e+05
8.700000000000000000e+01	8.276170000000000471e+00	8.281319999999999126e+00	1.521970000000000045e+00	1.478639999999999954e+00	2.905750000000000000e+17	7.750000000000000000e+18	3.502062720468037327e+01	5.662398870967741971e+01	6.000000000000000000e+01	4.500000000000000000e+01	5.418454364046390026e-01	3.500592090219164384e+05
8.800000000000000000e+01	8.281319999999999126e+00	8.286889999999999645e+00	1.478639999999999954e+00	1.431789999999999896e+00	1.211425000000000000e+18	8.257000000000000000e+18	3.502400581959263093e+01	5.704101459367808502e+01	6.000000000000000000e+01	4.500000000000000000e+01	2.258986863276227552e+00	3.500630824379308033e+05
8.900000000000000000e+01	8.286889999999999645e+00	8.293010000000000659e+00	1.431789999999999896e+00	1.380370000000000097e+00	4.051250000000000000e+18	8.753500000000000000e+18	3.502472076519593003e+01	5.757341263494601691e+01	6.000000000000000000e+01	4.500000000000000000e+01	7.554508557977437810e+00	3.500668756352703786e+05
9.000000000000000000e+01	8.293010000000000659e+00	8.301560000000000272e+00	1.380370000000000097e+00	1.308459999999999956e+00	1.061140000000000000e+19	1.002625000000000000e+19	3.502490246338842894e+01	5.849744944520633538e+01	6.000000000000000000e+01	4.500000000000000000e+01	1.978745130814483844e+01	3.500765992846438312e+05
9.100000000000000000e+01	8.301560000000000272e+00	8.309649999999999537e+00	1.308459999999999956e+00	1.240429999999999922e+00	1.774217500000000000e+19	1.205075000000000000e+19	3.502493352703374541e+01	5.805650229238843707e+01	6.000000000000000000e+01	4.500000000000000000e+01	3.308445859293634328e+01	3.500920662091431441e+05
9.200000000000000000e+01	8.309649999999999537e+00	8.319610000000000838e+00	1.240429999999999922e+00	1.156630000000000047e+00	2.575340000000000000e+19	1.414525000000000000e+19	3.502487050253558465e+01	5.867295823686396261e+01	6.000000000000000000e+01	4.500000000000000000e+01	4.802327200173185417e+01	3.501080679248081869e+05
9.300000000000000000e+01	8.319610000000000838e+00	8.327529999999999433e+00	1.156630000000000047e+00	1.090039999999999898e+00	3.197300000000000000e+19	1.578950000000000000e+19	3.502472789541175047e+01	5.840800468665885603e+01	6.000000000000000000e+01	4.500000000000000000e+01	5.962117917290036928e+01	3.501206297872966970e+05
9.400000000000000000e+01	8.327529999999999433e+00	8.339579999999999771e+00	1.090039999999999898e+00	9.887200000000000433e-01	3.397325000000000000e+19	1.609387500000000000e+19	3.502452297027808470e+01	5.806149808545175972e+01	6.000000000000000000e+01	4.500000000000000000e+01	6.335111579569441886e+01	3.501229551738832379e+05
9.500000000000000000e+01	8.339579999999999771e+00	8.349859999999999616e+00	9.887200000000000433e-01	9.022700000000000164e-01	2.225500000000000000e+19	1.453912500000000000e+19	3.502434846101999000e+01	5.784420210982434440e+01	6.000000000000000000e+01	4.500000000000000000e+01	4.149968230985199114e+01	3.501110770800994360e+05
9.600000000000000000e+01	8.349859999999999616e+00	8.367789999999999395e+00	9.022700000000000164e-01	7.514300000000000423e-01	1.801000000000000000e+18	1.183087500000000000e+19	3.502486118822875483e+01	5.760522108466195590e+01	6.000000000000000000e+01	4.500000000000000000e+01	3.358388130309748032e+00	3.500903863918923307e+05
9.700000000000000000e+01	8.367789999999999395e+00	8.384249999999999758e+00	7.514300000000000423e-01	6.129999999999999893e-01	0.000000000000000000e+00	1.311287500000000000e+19	0.000000000000000000e+00	5.764703106679503719e+01	6.000000000000000000e+01	4.500000000000000000e+01	0.000000000000000000e+00	3.501001807100983569e+05
9.800000000000000000e+01	8.384249999999999758e+00	8.378190000000000026e+00	6.129999999999999893e-01	5.422500000000000098e-01	0.000000000000000000e+00	1.567675000000000000e+19	0.000000000000000000e+00	5.747161656593362267e+01	6.000000000000000000e+01	4.500000000000000000e+01	0.000000000000000000e+00	3.501197683915262460e+05
9.900000000000000000e+01	8.378190000000000026e+00	8.375600000000000378e+00	5.422500000000000098e-01	5.120700000000000252e-01	6.753500000000000000e+18	1.989337500000000000e+19	3.502486118309025187e+01	5.689897239658931483e+01	6.000000000000000000e+01	4.500000000000000000e+01	1.259348930485668028e+01	3.501519828743698890e+05
1.000000000000000000e+02	8.375600000000000378e+00	8.366659999999999542e+00	5.120700000000000252e-01	4.076600000000000223e-01	9.097250000000000000e+19	2.644000000000000000e+19	3.502394267498419822e+01	5.739641877836611172e+01	6.000000000000000000e+01	4.500000000000000000e+01	1.696396247554711465e+02	3.502019982631574385e+05
1.010000000000000000e+02	8.366659999999999542e+00	8.345010000000000261e+00	4.076600000000000223e-01	1.549300000000000122e-01	3.610250000000000000e+19	2.308875000000000000e+19	3.502274773215150816e+01	5.693784960207892709e+01	6.000000000000000000e+01	4.500000000000000000e+01	6.732160326180326138e+01	3.501763951360997162e+05
1.020000000000000000e+02	8.345010000000000261e+00	8.325770000000000337e+00	1.549300000000000122e-01	-6.961000000000000520e-02	1.897175000000000000e+19	1.612250000000000000e+19	3.502460895805605645e+01	5.715550162815939927e+01	6.000000000000000000e+01	4.500000000000000000e+01	3.537729040044639817e+01	3.501231738652706263e+05
1.030000000000000000e+02	8.325770000000000337e+00	8.317330000000000112e+00	-6.961000000000000520e-02	-1.681199999999999917e-01	7.530075000000000000e+18	1.226250000000000000e+19	3.502490679043701505e+01	5.699631090723751470e+01	6.000000000000000000e+01	4.500000000000000000e+01	1.404159605793568844e+01	3.500936839524193783e+05
1.040000000000000000e+02	8.317330000000000112e+00	8.305500000000000327e+00	-1.681199999999999917e-01	-3.061699999999999977e-01	3.107500000000000000e+17	1.204250000000000000e+19	3.502217216411906264e+01	5.616027091550757433e+01	6.000000000000000000e+01	4.500000000000000000e+01	5.794664694579423347e-01	3.500920031801843434e+05
1.050000000000000000e+02	8.305500000000000327e+00	8.294950000000000045e+00	-3.061699999999999977e-01	-4.293000000000000149e-01	0.000000000000000000e+00	1.334750000000000000e+19	0.000000000000000000e+00	5.607184772429293673e+01	6.000000000000000000e+01	4.500000000000000000e+01	0.000000000000000000e+00	3.501019732154876692e+05
1.060000000000000000e+02	8.294950000000000045e+00	8.252319999999999212e+00	-4.293000000000000149e-01	-5.254400000000000182e-01	0.000000000000000000e+00	1.220125000000000000e+19	0.000000000000000000e+00	5.641319536932691392e+01	6.000000000000000000e+01	4.500000000000000000e+01	0.000000000000000000e+00	3.500932160101493937e+05
1.070000000000000000e+02	8.252319999999999212e+00	8.206770000000000564e+00	-5.254400000000000182e-01	-6.281700000000000061e-01	4.049500000000000000e+17	1.651875000000000000e+19	3.502217866403259450e+01	5.654623382519863384e+01	6.000000000000000000e+01	4.500000000000000000e+01	7.551245271343323129e-01	3.501262011652622023e+05
1.080000000000000000e+02	8.206770000000000564e+00	8.176980000000000359e+00	-6.281700000000000061e-01	-6.953599999999999781e-01	1.075257500000000000e+19	2.401125000000000000e+19	3.502490682464432581e+01	5.647469311260346103e+01	6.000000000000000000e+01	4.500000000000000000e+01	2.005070530275698815e+01	3.501834429196762503e+05
1.090000000000000000e+02	8.176980000000000359e+00	8.138429999999999609e+00	-6.953599999999999781e-01	-7.822900000000000409e-01	5.368925000000000000e+19	3.626750000000000000e+19	3.502460920947861922e+01	5.602002895154063822e+01	6.000000000000000000e+01	4.500000000000000000e+01	1.001162353832496592e+02	3.502770791228843736e+05
1.100000000000000000e+02	8.138429999999999609e+00	8.036490000000000578e+00	-7.822900000000000409e-01	-1.012199999999999989e+00	1.291500000000000000e+20	5.496750000000000000e+19	3.502105110336817972e+01	5.517285032064401662e+01	6.000000000000000000e+01	4.500000000000000000e+01	2.408305535977256966e+02	3.504199447628633934e+05
1.110000000000000000e+02	8.036490000000000578e+00	7.963809999999999611e+00	-1.012199999999999989e+00	-1.176099999999999923e+00	6.517500000000000000e+19	4.206875000000000000e+19	3.502198887610279598e+01	5.550852830188678411e+01	6.000000000000000000e+01	4.500000000000000000e+01	1.215341179305595887e+02	3.503213999407414813e+05
1.120000000000000000e+02	7.963809999999999611e+00	7.921820000000000306e+00	-1.176099999999999923e+00	-1.270790000000000086e+00	2.377892500000000000e+19	2.597875000000000000e+19	3.502478560321797829e+01	5.618738776884954689e+01	6.000000000000000000e+01	4.500000000000000000e+01	4.434139892922027570e+01	3.501984743713692296e+05
1.130000000000000000e+02	7.921820000000000306e+00	7.883370000000000211e+00	-1.270790000000000086e+00	-1.357509999999999994e+00	0.000000000000000000e+00	1.846875000000000000e+19	0.000000000000000000e+00	5.604663350253806442e+01	6.000000000000000000e+01	4.500000000000000000e+01	0.000000000000000000e+00	3.501410989191637491e+05
1.140000000000000000e+02	7.883370000000000211e+00	7.818319999999999936e+00	-1.357509999999999994e+00	-1.453689999999999927e+00	0.000000000000000000e+00	1.588125000000000000e+19	0.000000000000000000e+00	5.552574025974025318e+01	6.000000000000000000e+01	4.500000000000000000e+01	0.000000000000000000e+00	3.501213307457174524e+05
1.150000000000000000e+02	7.818319999999999936e+00	7.685060000000000002e+00	-1.453689999999999927e+00	-1.650760000000000005e+00	8.369200000000000000e+18	1.598625000000000000e+19	3.502478582182287425e+01	5.547455704120728370e+01	6.000000000000000000e+01	4.500000000000000000e+01	1.560634199899408259e+01	3.501221329324659891e+05
1.160000000000000000e+02	7.685060000000000002e+00	7.557500000000000107e+00	-1.650760000000000005e+00	-1.839380000000000015e+00	1.446500000000000000e+19	2.125500000000000000e+19	3.502354821984098976e+01	5.444588096918371889e+01	6.000000000000000000e+01	4.500000000000000000e+01	2.697339494998917431e+01	3.501623855175269418e+05
1.170000000000000000e+02	7.557500000000000107e+00	7.501629999999999576e+00	-1.839380000000000015e+00	-1.922009999999999996e+00	2.754375000000000000e+19	2.773750000000000000e+19	3.502446108463806951e+01	5.439628661559261502e+01	6.000000000000000000e+01	4.500000000000000000e+01	5.136180070195397462e+01	3.502119109994073515e+05
1.180000000000000000e+02	7.501629999999999576e+00	7.441480000000000317e+00	-1.922009999999999996e+00	-2.010959999999999859e+00	1.503265000000000000e+19	3.151250000000000000e+19	3.502487917965228803e+01	5.339179690598967909e+01	6.000000000000000000e+01	4.500000000000000000e+01	2.803191189733527366e+01	3.502407515229859855e+05
1.190000000000000000e+02	7.441480000000000317e+00	7.391820000000000057e+00	-2.010959999999999859e+00	-2.084389999999999965e+00	5.243525000000000000e+18	3.866250000000000000e+19	3.502489379758846155e+01	5.236926285160038219e+01	6.000000000000000000e+01	4.500000000000000000e+01	9.777785741800343544e+00	3.502953766206250293e+05
1.200000000000000000e+02	7.391820000000000057e+00	7.341560000000000308e+00	-2.084389999999999965e+00	-2.158720000000000194e+00	1.007350000000000000e+18	4.066250000000000000e+19	3.502437645803344424e+01	5.249532431601598148e+01	6.000000000000000000e+01	4.500000000000000000e+01	1.878441023357870332e+00	3.503106563682163251e+05
1.210000000000000000e+02	7.341560000000000308e+00	7.266000000000000014e+00	-2.158720000000000194e+00	-2.270449999999999857e+00	0.000000000000000000e+00	4.676250000000000000e+19	0.000000000000000000e+00	5.319601978080726212e+01	6.000000000000000000e+01	4.500000000000000000e+01	0.000000000000000000e+00	3.503572595983699430e+05
1.220000000000000000e+02	7.266000000000000014e+00	7.198360000000000092e+00	-2.270449999999999857e+00	-2.322859999999999925e+00	0.000000000000000000e+00	3.642500000000000000e+19	0.000000000000000000e+00	5.384505833905284078e+01	6.000000000000000000e+01	4.500000000000000000e+01	0.000000000000000000e+00	3.502782824030072079e+05
1.230000000000000000e+02	7.198360000000000092e+00	7.154469999999999885e+00	-2.322859999999999925e+00	-2.356860000000000177e+00	1.655425000000000000e+18	4.416250000000000000e+19	3.502437704819003983e+01	5.412543730540617304e+01	6.000000000000000000e+01	4.500000000000000000e+01	3.086929300731823478e+00	3.503373959265011945e+05
1.240000000000000000e+02	7.154469999999999885e+00	7.113669999999999938e+00	-2.356860000000000177e+00	-2.388469999999999871e+00	9.125050000000000000e+18	5.272500000000000000e+19	3.502489369921259765e+01	5.370472261735419295e+01	6.000000000000000000e+01	4.500000000000000000e+01	1.701580211464906256e+01	3.504028123458765913e+05
1.250000000000000000e+02	7.113669999999999938e+00	7.069989999999999775e+00	-2.388469999999999871e+00	-2.422309999999999963e+00	2.941735000000000000e+19	6.452500000000000000e+19	3.502487902547306220e+01	5.377229949631925621e+01	6.000000000000000000e+01	4.500000000000000000e+01	5.485556860919903954e+01	3.504929628566654865e+05
1.260000000000000000e+02	7.069989999999999775e+00	7.037209999999999965e+00	-2.422309999999999963e+00	-2.447709999999999830e+00	6.298625000000000000e+19	8.051250000000000000e+19	3.502445970350671445e+01	5.384656730321378859e+01	6.000000000000000000e+01	4.500000000000000000e+01	1.174526787188908230e+02	3.506151053389736917e+05
1.270000000000000000e+02	7.037209999999999965e+00	7.002629999999999910e+00	-2.447709999999999830e+00	-2.474499999999999922e+00	1.088025000000000000e+20	9.525000000000000000e+19	3.502355184853288961e+01	5.348682808398950073e+01	6.000000000000000000e+01	4.500000000000000000e+01	2.028878537190595921e+02	3.507276979790373589e+05
1.280000000000000000e+02	7.002629999999999910e+00	6.968020000000000103e+00	-2.474499999999999922e+00	-2.501320000000000210e+00	1.762500000000000000e+20	1.161125000000000000e+20	3.502198581560283941e+01	5.360764237269889065e+01	6.000000000000000000e+01	4.500000000000000000e+01	3.286595824359206404e+02	3.508870848460994894e+05
1.290000000000000000e+02	6.968020000000000103e+00	6.874520000000000408e+00	-2.501320000000000210e+00	-2.573749999999999982e+00	2.975000000000000000e+20	1.517250000000000000e+20	3.501922268907563307e+01	5.295868841654307602e+01	6.000000000000000000e+01	4.500000000000000000e+01	5.547587277996391322e+02	3.511591598516476806e+05
1.300000000000000000e+02	6.874520000000000408e+00	6.824379999999999669e+00	-2.573749999999999982e+00	-2.612600000000000033e+00	3.352500000000000000e+20	1.833624999999999836e+20	3.501806487695749581e+01	5.245005658190743247e+01	6.000000000000000000e+01	4.500000000000000000e+01	6.251524823355596254e+02	3.514008663588581257e+05
1.310000000000000000e+02	6.824379999999999669e+00	6.770870000000000388e+00	-2.612600000000000033e+00	-2.654059999999999864e+00	3.627500000000000000e+20	2.023750000000000000e+20	3.501728118538938617e+01	5.180276714021000117e+01	6.000000000000000000e+01	4.500000000000000000e+01	6.764327008716606997e+02	3.515461194593982655e+05
1.320000000000000000e+02	6.770870000000000388e+00	6.707329999999999792e+00	-2.654059999999999864e+00	-2.703279999999999905e+00	3.940000000000000000e+20	2.227500000000000000e+20	3.501641814720812107e+01	5.156358585858585286e+01	6.000000000000000000e+01	4.500000000000000000e+01	7.347056764808664866e+02	3.517017818879850092e+05
1.330000000000000000e+02	6.707329999999999792e+00	6.639190000000000147e+00	-2.703279999999999905e+00	-2.756079999999999863e+00	4.075000000000000000e+20	2.377500000000000000e+20	3.501582822085889291e+01	5.111863301787592206e+01	6.000000000000000000e+01	4.500000000000000000e+01	7.598796019440434293e+02	3.518163799949200475e+05
1.340000000000000000e+02	6.639190000000000147e+00	6.609280000000000044e+00	-2.756079999999999863e+00	-2.779250000000000220e+00	4.167499999999999345e+20	2.506250000000000000e+20	3.501541691661667954e+01	5.077501246882793140e+01	6.000000000000000000e+01	4.500000000000000000e+01	7.771284027243682431e+02	3.519147433700392721e+05
1.350000000000000000e+02	6.609280000000000044e+00	6.578669999999999796e+00	-2.779250000000000220e+00	-2.802960000000000118e+00	4.217500000000000000e+20	2.583750000000000000e+20	3.501517486662714873e+01	5.086343009192064812e+01	6.000000000000000000e+01	4.500000000000000000e+01	7.864520788218413827e+02	3.519739523919557105e+05
1.360000000000000000e+02	6.578669999999999796e+00	6.547139999999999738e+00	-2.802960000000000118e+00	-2.827389999999999848e+00	4.275000000000000000e+20	2.610000000000000000e+20	3.501494152046783626e+01	5.077236111111110972e+01	6.000000000000000000e+01	4.500000000000000000e+01	7.971743063339351920e+02	3.519940070606693043e+05
1.370000000000000000e+02	6.547139999999999738e+00	6.514899999999999913e+00	-2.827389999999999848e+00	-2.852370000000000072e+00	4.335000000000000000e+20	2.713750000000000000e+20	3.501472029988465806e+01	5.067403961308152560e+01	6.000000000000000000e+01	4.500000000000000000e+01	8.083627176509027095e+02	3.520732707512993948e+05
1.380000000000000000e+02	6.514899999999999913e+00	6.482020000000000337e+00	-2.852370000000000072e+00	-2.877839999999999954e+00	4.402500000000000000e+20	2.825000000000000000e+20	3.501449460533787317e+01	5.034664159292034924e+01	6.000000000000000000e+01	4.500000000000000000e+01	8.209496803824910103e+02	3.521582643472761847e+05
1.390000000000000000e+02	6.482020000000000337e+00	6.430320000000000036e+00	-2.877839999999999954e+00	-2.917899999999999938e+00	4.510000000000000000e+20	2.876250000000000000e+20	3.501423226164079949e+01	5.012684050412863712e+01	6.000000000000000000e+01	4.500000000000000000e+01	8.409955839920579592e+02	3.521974187004789710e+05
1.400000000000000000e+02	6.430320000000000036e+00	6.377729999999999677e+00	-2.917899999999999938e+00	-2.958639999999999937e+00	4.650000000000000000e+20	3.032500000000000000e+20	3.501393817204300518e+01	4.998048639736191490e+01	6.000000000000000000e+01	4.500000000000000000e+01	8.671018770649822045e+02	3.523167917285363073e+05
1.410000000000000000e+02	6.377729999999999677e+00	6.325400000000000134e+00	-2.958639999999999937e+00	-2.999190000000000023e+00	4.852499999999999345e+20	3.193750000000000328e+20	3.501365275631118124e+01	4.988488062622308661e+01	6.000000000000000000e+01	4.500000000000000000e+01	9.048627652597473343e+02	3.524399846934914240e+05
1.420000000000000000e+02	6.325400000000000134e+00	6.258099999999999774e+00	-2.999190000000000023e+00	-3.051330000000000098e+00	5.162500000000000000e+20	3.381249999999999672e+20	3.501334140435834996e+01	4.977316451016636023e+01	6.000000000000000000e+01	4.500000000000000000e+01	9.626695570640796404e+02	3.525832323271601927e+05
1.430000000000000000e+02	6.258099999999999774e+00	6.254419999999999646e+00	-3.051330000000000098e+00	-3.082930000000000170e+00	3.837750000000000328e+20	6.150000000000000000e+20	3.502283238876945859e+01	4.967936382113821026e+01	6.000000000000000000e+01	4.500000000000000000e+01	7.156387588615344839e+02	3.546985223843357526e+05
1.440000000000000000e+02	6.254419999999999646e+00	6.236480000000000246e+00	-3.082930000000000170e+00	-3.236889999999999823e+00	0.000000000000000000e+00	6.264999999999998689e+20	0.000000000000000000e+00	4.941243216280926731e+01	6.000000000000000000e+01	4.500000000000000000e+01	0.000000000000000000e+00	3.547863809329859214e+05
1.450000000000000000e+02	6.236480000000000246e+00	6.117219999999999658e+00	-3.236889999999999823e+00	-3.246020000000000127e+00	0.000000000000000000e+00	3.712500000000000655e+20	0.000000000000000000e+00	5.007418855218854503e+01	6.000000000000000000e+01	4.500000000000000000e+01	0.000000000000000000e+00	3.528363031466417015e+05
1.460000000000000000e+02	6.117219999999999658e+00	6.100590000000000401e+00	-3.246020000000000127e+00	-3.250389999999999890e+00	0.000000000000000000e+00	5.261249999999999672e+20	0.000000000000000000e+00	4.910140650985982091e+01	6.000000000000000000e+01	4.500000000000000000e+01	0.000000000000000000e+00	3.540195286007457762e+05
1.470000000000000000e+02	6.100590000000000401e+00	6.061379999999999768e+00	-3.250389999999999890e+00	-3.260689999999999866e+00	3.011249999999999672e+20	6.796249999999999672e+20	3.502283105022830512e+01	4.988908037520691607e+01	6.000000000000000000e+01	4.500000000000000000e+01	5.615183929703068770e+02	3.551922492283807951e+05
1.480000000000000000e+02	6.061379999999999768e+00	6.046109999999999651e+00	-3.260689999999999866e+00	-3.264699999999999935e+00	2.187500000000000131e+21	8.918750000000000328e+20	3.501314285714285290e+01	4.882635038542395733e+01	6.000000000000000000e+01	4.500000000000000000e+01	4.079108292644405537e+03	3.568138124415112543e+05
1.490000000000000000e+02	6.046109999999999651e+00	6.030660000000000132e+00	-3.264699999999999935e+00	-3.268759999999999888e+00	2.232499999999999869e+21	9.723749999999999017e+20	3.501298992161253665e+01	4.915932253503021343e+01	6.000000000000000000e+01	4.500000000000000000e+01	4.163021377521661634e+03	3.574288222820625524e+05
1.500000000000000000e+02	6.030660000000000132e+00	6.014920000000000044e+00	-3.268759999999999888e+00	-3.272899999999999920e+00	2.247500000000000131e+21	1.088249999999999934e+21	3.501281979977753167e+01	4.882105444521020132e+01	6.000000000000000000e+01	4.500000000000000000e+01	4.190992405814080485e+03	3.583140926581355743e+05
1.510000000000000000e+02	6.014920000000000044e+00	5.971860000000000390e+00	-3.272899999999999920e+00	-3.292079999999999895e+00	2.692499999999999869e+21	1.390499999999999869e+21	3.501253481894151065e+01	4.824645091693635379e+01	6.000000000000000000e+01	4.500000000000000000e+01	5.020799578489170017e+03	3.606232445128761465e+05
1.520000000000000000e+02	5.971860000000000390e+00	5.925629999999999953e+00	-3.292079999999999895e+00	-3.312669999999999781e+00	3.310000000000000000e+21	1.670000000000000000e+21	3.501259441087613311e+01	4.795484281437125418e+01	6.000000000000000000e+01	4.500000000000000000e+01	6.172273576527076330e+03	3.627585892387653585e+05
1.530000000000000000e+02	5.925629999999999953e+00	5.903209999999999624e+00	-3.312669999999999781e+00	-3.322659999999999947e+00	3.980000000000000000e+21	1.922500000000000131e+21	3.501260992462311350e+01	4.801121586475942138e+01	6.000000000000000000e+01	4.500000000000000000e+01	7.421646173588448619e+03	3.646876573721714667e+05
1.540000000000000000e+02	5.903209999999999624e+00	5.873980000000000423e+00	-3.322659999999999947e+00	-3.340790000000000148e+00	3.377499999999999607e+21	2.026249999999999934e+21	3.501262028127312931e+01	4.828964836520665926e+01	6.000000000000000000e+01	4.500000000000000000e+01	6.298143203842960247e+03	3.654802942784720217e+05
1.550000000000000000e+02	5.873980000000000423e+00	5.841920000000000002e+00	-3.340790000000000148e+00	-3.363599999999999923e+00	3.420000000000000000e+21	2.151249999999999934e+21	3.501262792397660917e+01	4.848914584543869921e+01	6.000000000000000000e+01	4.500000000000000000e+01	6.377394450671481536e+03	3.664352785029304796e+05
1.560000000000000000e+02	5.841920000000000002e+00	5.810480000000000089e+00	-3.363599999999999923e+00	-3.385959999999999859e+00	4.132499999999999869e+21	2.217500000000000131e+21	3.501262855414397990e+01	4.820791431792559223e+01	6.000000000000000000e+01	4.500000000000000000e+01	7.706018294561372386e+03	3.669414201418934972e+05
1.570000000000000000e+02	5.810480000000000089e+00	5.770489999999999675e+00	-3.385959999999999859e+00	-3.422400000000000109e+00	3.225000000000000262e+21	2.027499999999999869e+21	3.501261627906976770e+01	4.880241060419236021e+01	6.000000000000000000e+01	4.500000000000000000e+01	6.013771082870037390e+03	3.654898441207166179e+05
1.580000000000000000e+02	5.770489999999999675e+00	5.728069999999999773e+00	-3.422400000000000109e+00	-3.465980000000000061e+00	3.382500000000000393e+21	2.065000000000000262e+21	3.501262010347375764e+01	4.867020581113800404e+01	6.000000000000000000e+01	4.500000000000000000e+01	6.307466879940435319e+03	3.657763393880541553e+05
1.590000000000000000e+02	5.728069999999999773e+00	5.635699999999999932e+00	-3.465980000000000061e+00	-3.604350000000000165e+00	3.422500000000000393e+21	2.169999999999999738e+21	3.501260043827610957e+01	4.866290898617511829e+01	6.000000000000000000e+01	4.500000000000000000e+01	6.382056288720217708e+03	3.665785261365992483e+05
1.600000000000000000e+02	5.635699999999999932e+00	5.580960000000000143e+00	-3.604350000000000165e+00	-3.763619999999999965e+00	4.622499999999999869e+21	2.870000000000000524e+21	3.501257436452136318e+01	4.902807491289197372e+01	6.000000000000000000e+01	4.500000000000000000e+01	8.619738552113720289e+03	3.719264377935667871e+05
1.610000000000000000e+02	5.580960000000000143e+00	5.566849999999999632e+00	-3.763619999999999965e+00	-3.922039999999999971e+00	6.375000000000000262e+21	4.287500000000000131e+21	3.501252941176470301e+01	4.899898542274051749e+01	6.000000000000000000e+01	4.500000000000000000e+01	1.188768702427798053e+04	3.827559588989259792e+05
1.620000000000000000e+02	5.566849999999999632e+00	5.563279999999999781e+00	-3.922039999999999971e+00	-4.007299999999999862e+00	9.830000000000000524e+21	8.196249999999999410e+21	3.501250000000000284e+01	4.934549794113161170e+01	6.000000000000000000e+01	4.500000000000000000e+01	1.833034720763177393e+04	4.126183155977427959e+05
1.630000000000000000e+02	5.563279999999999781e+00	5.557559999999999611e+00	-4.007299999999999862e+00	-4.053049999999999820e+00	2.419999999999999790e+22	1.655000000000000052e+22	3.501250000000000284e+01	4.905615558912386120e+01	6.000000000000000000e+01	4.500000000000000000e+01	4.512659231176895992e+04	4.764399113183032605e+05
1.640000000000000000e+02	5.557559999999999611e+00	5.554229999999999556e+00	-4.053049999999999820e+00	-4.095650000000000013e+00	3.310000000000000105e+22	2.275000000000000052e+22	3.501250000000000284e+01	4.927412637362638037e+01	6.000000000000000000e+01	4.500000000000000000e+01	6.172273576527076511e+04	5.238071288514439948e+05
1.650000000000000000e+02	5.554229999999999556e+00	5.554240000000000066e+00	-4.095650000000000013e+00	-4.140299999999999869e+00	3.689999999999999895e+22	2.643749999999999751e+22	3.501250000000000284e+01	4.927152718676123300e+01	6.000000000000000000e+01	4.500000000000000000e+01	6.880872959935019026e+04	5.519791634729693178e+05
1.660000000000000000e+02	5.554240000000000066e+00	5.554249999999999687e+00	-4.140299999999999869e+00	-4.177389999999999937e+00	5.300000000000000629e+22	3.745000000000000157e+22	3.501249999999999574e+01	4.921529372496662091e+01	6.000000000000000000e+01	4.500000000000000000e+01	9.883096663321302913e+04	6.361132736477616709e+05
1.670000000000000000e+02	5.554249999999999687e+00	5.554249999999999687e+00	-4.177389999999999937e+00	-4.208949999999999747e+00	7.869999999999998008e+22	5.337499999999999816e+22	3.501250000000000284e+01	4.925129976580797120e+01	6.000000000000000000e+01	4.500000000000000000e+01	1.467546617742238159e+05	7.577782638437724672e+05
1.680000000000000000e+02	5.554249999999999687e+00	5.554260000000000197e+00	-4.208949999999999747e+00	-4.236309999999999576e+00	1.080000000000000084e+23	6.947499999999999712e+22	3.501250000000000284e+01	4.928854264123785356e+01	6.000000000000000000e+01	4.500000000000000000e+01	2.013914037054151995e+05	8.807802319540252211e+05
1.690000000000000000e+02	5.554260000000000197e+00	5.554260000000000197e+00	-4.236309999999999576e+00	-4.260229999999999961e+00	1.379999999999999790e+23	8.232499999999999659e+22	3.501250000000000284e+01	4.935276951108411225e+01	6.000000000000000000e+01	4.500000000000000000e+01	2.573334602902526967e+05	9.789526102283573709e+05
1.700000000000000000e+02	5.554260000000000197e+00	5.554260000000000197e+00	-4.260229999999999961e+00	-4.281290000000000262e+00	1.829999999999999602e+23	1.038749999999999803e+23	3.501250000000000284e+01	4.918909747292419610e+01	6.000000000000000000e+01	4.500000000000000000e+01	3.412465451675090007e+05	1.143591890524999704e+06
1.710000000000000000e+02	5.554260000000000197e+00	5.554269999999999818e+00	-4.281290000000000262e+00	-4.299970000000000070e+00	2.330000000000000063e+23	1.262499999999999932e+23	3.501250000000000284e+01	4.921001980198020220e+01	6.000000000000000000e+01	4.500000000000000000e+01	4.344833061422383180e+05	1.314534066703068558e+06
1.720000000000000000e+02	5.554269999999999818e+00	5.554269999999999818e+00	-4.299970000000000070e+00	-4.316489999999999938e+00	2.840000000000000419e+23	1.424999999999999990e+23	3.501249999999999574e+01	4.919195614035086805e+01	6.000000000000000000e+01	4.500000000000000000e+01	5.295848023364621913e+05	1.438682015882671345e+06
1.730000000000000000e+02	5.554269999999999818e+00	5.554269999999999818e+00	-4.316489999999999938e+00	-4.331199999999999939e+00	3.960000000000000084e+23	1.985000000000000157e+23	3.501250000000000284e+01	4.926034634760705444e+01	6.000000000000000000e+01	4.500000000000000000e+01	7.384351469198557315e+05	1.866514948440072360e+06
1.740000000000000000e+02	5.554269999999999818e+00	5.554280000000000328e+00	-4.331199999999999939e+00	-4.344299999999999606e+00	5.590000000000000105e+23	3.573749999999999898e+23	3.501250000000000284e+01	4.927674711437565236e+01	6.000000000000000000e+01	4.500000000000000000e+01	1.042386987697473029e+06	3.080299897726804484e+06
1.750000000000000000e+02	5.554280000000000328e+00	5.554280000000000328e+00	-4.344299999999999606e+00	-4.355929999999999858e+00	9.710000000000001195e+23	8.690000000000000482e+23	3.501249999999999574e+01	4.929675489067894034e+01	6.000000000000000000e+01	4.500000000000000000e+01	1.810657898129242472e+06	6.989050328435379080e+06
1.760000000000000000e+02	5.554280000000000328e+00	5.554280000000000328e+00	-4.355929999999999858e+00	-4.366270000000000095e+00	1.140000000000000260e+24	9.508749999999999908e+23	3.501249999999999574e+01	4.929897331405284433e+01	6.000000000000000000e+01	4.500000000000000000e+01	2.125798150223827455e+06	7.614564995455685072e+06
1.770000000000000000e+02	5.554280000000000328e+00	5.554280000000000328e+00	-4.366270000000000095e+00	-4.375440000000000218e+00	9.740000000000000545e+23	7.627499999999998789e+23	3.501250000000000284e+01	4.922010160603081630e+01	6.000000000000000000e+01	4.500000000000000000e+01	1.816252103787725791e+06	6.177313737645667046e+06
1.780000000000000000e+02	5.554280000000000328e+00	5.554289999999999949e+00	-4.375440000000000218e+00	-4.383519999999999861e+00	7.799999999999998742e+23	4.925000000000000199e+23	3.501250000000000284e+01	4.925616751269035376e+01	6.000000000000000000e+01	4.500000000000000000e+01	1.454493471205776092e+06	4.112637844366426114e+06
1.790000000000000000e+02	5.554289999999999949e+00	5.554289999999999949e+00	-4.383519999999999861e+00	-4.392610000000000348e+00	5.330000000000000147e+23	2.758749999999999887e+23	3.501250000000000284e+01	4.921110104213865100e+01	6.000000000000000000e+01	4.500000000000000000e+01	9.939038719906139886e+05	2.457650183379873633e+06
1.800000000000000000e+02	5.554289999999999949e+00	5.554289999999999949e+00	-4.392610000000000348e+00	-4.397639999999999993e+00	2.580000000000000126e+23	1.263749999999999793e+23	3.501250000000000284e+01	4.927141444114738533e+01	6.000000000000000000e+01	4.500000000000000000e+01	4.811016866296029766e+05	1.315489050927526783e+06
1.810000000000000000e+02	5.554289999999999949e+00	5.554289999999999949e+00	-4.397639999999999993e+00	-4.405389999999999695e+00	2.289999999999999811e+23	8.622500000000000603e+22	3.501250000000000284e+01	4.936748767758769674e+01	6.000000000000000000e+01	4.500000000000000000e+01	4.270243652642599191e+05	1.008748118031462072e+06
1.820000000000000000e+02	5.554289999999999949e+00	5.554289999999999949e+00	-4.405389999999999695e+00	-4.413949999999999818e+00	1.489999999999999811e+23	5.266250000000000354e+22	3.501250000000000284e+01	4.923523380014241013e+01	6.000000000000000000e+01	4.500000000000000000e+01	2.778455477046931046e+05	7.523348537643592572e+05
1.830000000000000000e+02	5.554289999999999949e+00	5.554299999999999571e+00	-4.413949999999999818e+00	-4.423329999999999984e+00	1.109999999999999937e+23	3.415000000000000262e+22	3.501250000000000284e+01	4.935176793557833719e+01	6.000000000000000000e+01	4.500000000000000000e+01	2.069856093638989259e+05	6.109016901220576838e+05
1.840000000000000000e+02	5.554299999999999571e+00	5.554299999999999571e+00	-4.423329999999999984e+00	-4.433480000000000310e+00	6.700000000000000210e+22	1.992500000000000079e+22	3.501250000000000284e+01	4.920052697616060300e+01	6.000000000000000000e+01	4.500000000000000000e+01	1.249372597061372071e+05	5.022244853786822641e+05
1.850000000000000000e+02	5.554299999999999571e+00	5.554299999999999571e+00	-4.433480000000000310e+00	-4.444449999999999790e+00	4.400000000000000000e+22	1.039749999999999961e+22	3.501250000000000284e+01	4.901546766049531811e+01	6.000000000000000000e+01	4.500000000000000000e+01	8.204834965776174795e+04	4.294355877904566587e+05
1.860000000000000000e+02	5.554299999999999571e+00	5.554299999999999571e+00	-4.444449999999999790e+00	-4.456249999999999822e+00	2.419999999999999790e+22	5.431250000000000721e+21	3.501250000000000284e+01	4.947254315304947170e+01	6.000000000000000000e+01	4.500000000000000000e+01	4.512659231176895992e+04	3.914940645527211018e+05
1.870000000000000000e+02	5.554299999999999571e+00	5.554310000000000080e+00	-4.456249999999999822e+00	-4.468880000000000408e+00	1.140000000000000000e+22	3.048750000000000328e+21	3.501250000000000284e+01	4.942158671586715712e+01	6.000000000000000000e+01	4.500000000000000000e+01	2.125798150223827179e+04	3.732920652345424169e+05
1.880000000000000000e+02	5.554310000000000080e+00	5.554310000000000080e+00	-4.468880000000000408e+00	-4.482339999999999769e+00	4.600000000000001049e+21	1.902499999999999869e+21	3.501249999999999574e+01	4.944085413929040840e+01	6.000000000000000000e+01	4.500000000000000000e+01	8.577782009675094741e+03	3.645348598962581018e+05
1.890000000000000000e+02	5.554310000000000080e+00	5.554310000000000080e+00	-4.482339999999999769e+00	-4.496629999999999683e+00	2.320000000000000000e+21	1.511250000000000197e+21	3.501250000000000284e+01	4.965900744416872925e+01	6.000000000000000000e+01	4.500000000000000000e+01	4.326185709227437655e+03	3.615457592737030936e+05
1.900000000000000000e+02	5.554310000000000080e+00	5.554310000000000080e+00	-4.496629999999999683e+00	-4.514719999999999622e+00	1.260000000000000000e+21	1.411249999999999934e+21	3.501250000000000284e+01	4.939339238263949738e+01	6.000000000000000000e+01	4.500000000000000000e+01	2.349566376563177073e+03	3.607817718941362691e+05
1.910000000000000000e+02	5.554310000000000080e+00	5.554310000000000080e+00	-4.514719999999999622e+00	-4.515719999999999956e+00	2.637500000000000131e+21	1.478625000000000098e+21	3.501258293838861846e+01	5.235164172795671078e+01	6.000000000000000000e+01	4.500000000000000000e+01	4.918239141416968778e+03	3.612965083911194233e+05
1.920000000000000000e+02	5.554310000000000080e+00	5.554319999999999702e+00	-4.515719999999999956e+00	-4.527680000000000149e+00	2.614999999999999738e+21	1.413749999999999803e+21	3.501266730401530225e+01	4.876534040671972292e+01	6.000000000000000000e+01	4.500000000000000000e+01	4.876282598978339593e+03	3.608008715786254616e+05
1.930000000000000000e+02	5.554319999999999702e+00	5.554330000000000211e+00	-4.527680000000000149e+00	-4.534469999999999779e+00	2.570000000000000000e+21	1.305000000000000000e+21	3.501284046692606466e+01	4.991260536398467451e+01	6.000000000000000000e+01	4.500000000000000000e+01	4.792369514101083041e+03	3.599700353033465799e+05
1.940000000000000000e+02	5.554330000000000211e+00	5.554339999999999833e+00	-4.534469999999999779e+00	-4.541179999999999772e+00	2.532499999999999869e+21	1.339624999999999836e+21	3.501295656465942585e+01	4.971082205841187829e+01	6.000000000000000000e+01	4.500000000000000000e+01	4.722441943370036824e+03	3.602345659335215460e+05
1.950000000000000000e+02	5.554339999999999833e+00	5.554350000000000342e+00	-4.541179999999999772e+00	-4.556250000000000355e+00	2.450000000000000000e+21	9.516249999999999672e+20	3.501321428571428385e+01	4.909650466307631689e+01	6.000000000000000000e+01	4.500000000000000000e+01	4.568601287761734056e+03	3.572702949008024298e+05
1.960000000000000000e+02	5.554350000000000342e+00	5.528999999999999915e+00	-4.556250000000000355e+00	-4.530879999999999797e+00	1.557499999999999869e+21	1.448749999999999803e+21	3.501368378812199467e+01	4.905690250215702974e+01	6.000000000000000000e+01	4.500000000000000000e+01	2.904325104362816091e+03	3.610682671614738065e+05
1.970000000000000000e+02	5.528999999999999915e+00	5.506660000000000110e+00	-4.530879999999999797e+00	-4.508519999999999861e+00	1.322499999999999869e+21	2.861249999999999672e+21	3.501422495274101720e+01	4.940375273044998039e+01	6.000000000000000000e+01	4.500000000000000000e+01	2.466112327781588647e+03	3.718595888978546718e+05
1.980000000000000000e+02	5.506660000000000110e+00	5.480859999999999843e+00	-4.508519999999999861e+00	-4.482709999999999972e+00	1.120500000000000000e+21	6.070000000000000524e+21	3.501472556894243837e+01	4.918644769357494795e+01	6.000000000000000000e+01	4.500000000000000000e+01	2.089435813443682491e+03	3.963740339397039497e+05
1.990000000000000000e+02	5.480859999999999843e+00	5.409830000000000361e+00	-4.482709999999999972e+00	-4.411649999999999849e+00	0.000000000000000000e+00	1.161249999999999987e+22	0.000000000000000000e+00	4.926715823466092559e+01	6.000000000000000000e+01	4.500000000000000000e+01	0.000000000000000000e+00	4.387180344521931256e+05
2.000000000000000000e+02	5.409830000000000361e+00	5.337579999999999991e+00	-4.411649999999999849e+00	-4.339380000000000237e+00	0.000000000000000000e+00	9.063749999999999541e+21	0.000000000000000000e+00	4.926458281616328350e+01	6.000000000000000000e+01	4.500000000000000000e+01	0.000000000000000000e+00	4.192459061154846568e+05
2.010000000000000000e+02	5.337579999999999991e+00	5.265340000000000131e+00	-4.339380000000000237e+00	-4.267109999999999737e+00	0.000000000000000000e+00	5.931249999999999672e+21	0.000000000000000000e+00	4.926833087460484251e+01	6.000000000000000000e+01	4.500000000000000000e+01	0.000000000000000000e+00	3.953140014505550498e+05
2.260000000000000000e+02	5.187560000000000393e+00	5.156609999999999694e+00	-3.925829999999999931e+00	-3.880689999999999973e+00	2.745000000000000000e+20	2.312500000000000393e+21	3.501284153005464361e+01	4.920721081081080683e+01	6.000000000000000000e+01	4.500000000000000000e+01	5.118698177512636676e+02	3.676672081524819368e+05
2.270000000000000000e+02	5.156609999999999694e+00	5.115000000000000213e+00	-3.880689999999999973e+00	-3.819999999999999840e+00	3.800000000000000000e+20	1.897499999999999869e+21	3.501266447368421098e+01	4.941457180500658808e+01	6.000000000000000000e+01	4.500000000000000000e+01	7.085993834079423550e+02	3.644966605272797751e+05
2.280000000000000000e+02	5.115000000000000213e+00	5.104049999999999976e+00	-3.819999999999999840e+00	-3.813959999999999795e+00	3.187500000000000000e+20	1.582499999999999869e+21	3.501260784313725338e+01	4.915242496050553456e+01	6.000000000000000000e+01	4.500000000000000000e+01	5.943843512138989809e+02	3.620901002816443797e+05
2.290000000000000000e+02	5.104049999999999976e+00	5.054859999999999687e+00	-3.813959999999999795e+00	-3.786820000000000075e+00	2.377500000000000000e+20	1.377500000000000131e+21	3.501280231335435644e+01	4.946389292196006693e+01	6.000000000000000000e+01	4.500000000000000000e+01	4.433407984348376090e+02	3.605239261535324622e+05
2.300000000000000000e+02	5.054859999999999687e+00	5.020080000000000098e+00	-3.786820000000000075e+00	-3.767630000000000035e+00	0.000000000000000000e+00	1.196249999999999934e+21	0.000000000000000000e+00	4.875599791013583229e+01	6.000000000000000000e+01	4.500000000000000000e+01	0.000000000000000000e+00	3.591391990280676982e+05
2.310000000000000000e+02	5.020080000000000098e+00	4.969999999999999751e+00	-3.767630000000000035e+00	-3.740000000000000213e+00	2.692500000000000000e+20	1.113750000000000066e+21	3.501279015784587045e+01	4.953668911335577718e+01	6.000000000000000000e+01	4.500000000000000000e+01	5.020799578489170472e+02	3.585089094399251044e+05
2.320000000000000000e+02	4.969999999999999751e+00	4.933670000000000222e+00	-3.740000000000000213e+00	-3.735730000000000217e+00	1.640000000000000000e+20	1.072250000000000197e+21	3.501272865853658800e+01	4.895965959431101311e+01	6.000000000000000000e+01	4.500000000000000000e+01	3.058165759971119542e+02	3.581918546774048591e+05
2.330000000000000000e+02	4.933670000000000222e+00	4.858399999999999608e+00	-3.735730000000000217e+00	-3.726869999999999905e+00	0.000000000000000000e+00	1.071624999999999967e+21	0.000000000000000000e+00	4.911230491076635474e+01	6.000000000000000000e+01	4.500000000000000000e+01	0.000000000000000000e+00	3.581870797562825610e+05
2.340000000000000000e+02	4.858399999999999608e+00	4.821419999999999817e+00	-3.726869999999999905e+00	-3.722519999999999829e+00	1.680000000000000000e+20	1.193750000000000066e+21	3.501272321428571388e+01	4.896720418848167355e+01	6.000000000000000000e+01	4.500000000000000000e+01	3.132755168750903181e+02	3.591200993435785058e+05
2.350000000000000000e+02	4.821419999999999817e+00	4.807220000000000049e+00	-3.722519999999999829e+00	-3.720849999999999991e+00	2.337500000000000000e+20	1.338750000000000066e+21	3.501259358288770329e+01	4.875233426704014761e+01	6.000000000000000000e+01	4.500000000000000000e+01	4.358818575568592451e+02	3.602278810439503868e+05
2.360000000000000000e+02	4.807220000000000049e+00	4.799999999999999822e+00	-3.720849999999999991e+00	-3.720000000000000195e+00	2.707500000000000000e+20	1.438750000000000066e+21	3.501258079409048918e+01	4.843258905299739325e+01	6.000000000000000000e+01	4.500000000000000000e+01	5.048770606781588981e+02	3.609918684235171531e+05
2.370000000000000000e+02	4.799999999999999822e+00	4.639520000000000088e+00	-3.720000000000000195e+00	-3.759920000000000151e+00	2.645000000000000000e+20	2.253749999999999803e+21	3.501285444234405020e+01	4.940691625069329973e+01	6.000000000000000000e+01	4.500000000000000000e+01	4.932224655563177862e+02	3.672183655669864384e+05
2.600000000000000000e+02	4.485560000000000436e+00	4.382740000000000080e+00	-3.913199999999999790e+00	-3.905130000000000212e+00	0.000000000000000000e+00	4.072499999999999869e+21	0.000000000000000000e+00	4.935244014732965923e+01	6.000000000000000000e+01	4.500000000000000000e+01	0.000000000000000000e+00	3.811133860328574083e+05
2.610000000000000000e+02	4.382740000000000080e+00	4.379529999999999923e+00	-3.905130000000000212e+00	-3.904879999999999907e+00	0.000000000000000000e+00	4.981250000000000197e+21	0.000000000000000000e+00	4.872740276035131757e+01	6.000000000000000000e+01	4.500000000000000000e+01	0.000000000000000000e+00	3.880561213446705951e+05
2.620000000000000000e+02	4.379529999999999923e+00	4.337799999999999656e+00	-3.904879999999999907e+00	-3.901600000000000179e+00	1.397500000000000131e+21	5.735000000000000262e+21	3.501578711985688130e+01	4.930037489102004145e+01	6.000000000000000000e+01	4.500000000000000000e+01	2.605967469243682899e+03	3.938146762181552476e+05
2.630000000000000000e+02	4.337799999999999656e+00	4.300239999999999618e+00	-3.901600000000000179e+00	-3.898649999999999949e+00	1.715000000000000262e+21	7.339999999999998951e+21	3.501508746355685275e+01	4.938653440054497423e+01	6.000000000000000000e+01	4.500000000000000000e+01	3.198020901433214021e+03	4.060766736602021847e+05
2.640000000000000000e+02	4.300239999999999618e+00	4.267450000000000188e+00	-3.898649999999999949e+00	-3.896069999999999922e+00	2.062500000000000131e+21	8.371250000000000721e+21	3.501439393939393341e+01	4.942883679259369245e+01	6.000000000000000000e+01	4.500000000000000000e+01	3.846016390207581935e+03	4.139552935119846370e+05
2.650000000000000000e+02	4.267450000000000188e+00	4.238489999999999647e+00	-3.896069999999999922e+00	-3.893790000000000084e+00	2.420000000000000000e+21	8.277500000000000655e+21	3.501379132231404867e+01	4.951237843551795947e+01	6.000000000000000000e+01	4.500000000000000000e+01	4.512659231176896355e+03	4.132390553436407936e+05
2.660000000000000000e+02	4.238489999999999647e+00	4.214190000000000325e+00	-3.893790000000000084e+00	-3.891880000000000006e+00	2.762500000000000393e+21	6.262500000000000393e+21	3.501328054298642911e+01	4.967101796407185077e+01	6.000000000000000000e+01	4.500000000000000000e+01	5.151331043853791925e+03	3.978447096453700215e+05
2.670000000000000000e+02	4.214190000000000325e+00	4.193970000000000198e+00	-3.891880000000000006e+00	-3.890299999999999869e+00	3.087500000000000131e+21	3.396249999999999934e+21	3.501285425101214344e+01	4.933793522267206555e+01	6.000000000000000000e+01	4.500000000000000000e+01	5.757369990189531563e+03	3.759469213785370230e+05
2.680000000000000000e+02	4.193970000000000198e+00	4.179409999999999847e+00	-3.890299999999999869e+00	-3.884259999999999824e+00	2.250000000000000000e+20	1.780000000000000000e+21	3.501250000000000284e+01	5.015593398876404052e+01	6.000000000000000000e+01	4.500000000000000000e+01	4.195654243862816770e+02	3.635989753562888363e+05
2.690000000000000000e+02	4.179409999999999847e+00	4.184929999999999595e+00	-3.884259999999999824e+00	-3.872980000000000089e+00	4.740000000000000000e+20	1.433750000000000066e+21	3.501250000000000284e+01	4.870830863121185672e+01	6.000000000000000000e+01	4.500000000000000000e+01	8.838844940404334238e+02	3.609536690545388265e+05
2.700000000000000000e+02	4.184929999999999595e+00	4.190080000000000027e+00	-3.872980000000000089e+00	-3.862410000000000121e+00	1.540000000000000000e+21	2.065000000000000262e+21	3.501250000000000284e+01	4.959523607748182883e+01	6.000000000000000000e+01	4.500000000000000000e+01	2.871692238021661069e+03	3.657763393880541553e+05
2.710000000000000000e+02	4.190080000000000027e+00	4.194899999999999629e+00	-3.862410000000000121e+00	-3.852539999999999853e+00	5.020000000000000000e+21	2.463749999999999541e+21	3.501250000000000284e+01	4.909517503805175664e+01	6.000000000000000000e+01	4.500000000000000000e+01	9.360970801862818917e+03	3.688227390640766826e+05
2.720000000000000000e+02	4.194899999999999629e+00	4.199379999999999669e+00	-3.852539999999999853e+00	-3.843370000000000175e+00	1.289999999999999895e+22	3.855000000000000262e+21	3.501250000000000284e+01	4.968524643320362344e+01	6.000000000000000000e+01	4.500000000000000000e+01	2.405508433148014592e+04	3.794517134822996450e+05
2.730000000000000000e+02	4.199379999999999669e+00	4.203520000000000145e+00	-3.843370000000000175e+00	-3.834909999999999819e+00	2.619999999999999790e+22	6.272499999999999869e+21	3.501250000000000284e+01	4.974478278198483849e+01	6.000000000000000000e+01	4.500000000000000000e+01	4.885606275075812300e+04	3.979211083833267330e+05
2.740000000000000000e+02	4.203520000000000145e+00	4.207320000000000171e+00	-3.834909999999999819e+00	-3.827109999999999790e+00	3.970000000000000315e+22	1.107874999999999980e+22	3.501250000000000284e+01	4.939721087667832222e+01	6.000000000000000000e+01	4.500000000000000000e+01	7.402998821393503749e+04	4.346402518137554289e+05
2.750000000000000000e+02	4.207320000000000171e+00	4.210810000000000386e+00	-3.827109999999999790e+00	-3.819949999999999957e+00	7.889999999999999476e+22	2.040000000000000000e+22	3.501250000000000284e+01	4.962985906862745367e+01	6.000000000000000000e+01	4.500000000000000000e+01	1.471276088181227678e+05	5.058534254316245206e+05
2.760000000000000000e+02	4.210810000000000386e+00	4.213989999999999903e+00	-3.819949999999999957e+00	-3.813460000000000072e+00	1.089999999999999811e+23	3.087499999999999921e+22	3.501250000000000284e+01	4.926312145748987348e+01	6.000000000000000000e+01	4.500000000000000000e+01	2.032561389249097556e+05	5.858811034412455047e+05
2.770000000000000000e+02	4.213989999999999903e+00	4.216879999999999740e+00	-3.813460000000000072e+00	-3.807549999999999990e+00	1.240000000000000252e+23	3.681250000000000197e+22	3.501249999999999574e+01	4.946502546689303159e+01	6.000000000000000000e+01	4.500000000000000000e+01	2.312271672173286206e+05	6.312428541030234192e+05
2.780000000000000000e+02	4.216879999999999740e+00	4.218720000000000248e+00	-3.807549999999999990e+00	-3.803780000000000161e+00	1.290000000000000063e+23	5.644999999999999528e+22	3.501250000000000284e+01	4.922834809565988223e+01	6.000000000000000000e+01	4.500000000000000000e+01	2.405508433148014883e+05	7.812708757654512301e+05
2.790000000000000000e+02	4.218720000000000248e+00	4.222059999999999924e+00	-3.803780000000000161e+00	-3.796940000000000204e+00	3.500000000000000210e+23	1.263750000000000128e+23	3.501250000000000284e+01	4.917459940652818773e+01	6.000000000000000000e+01	4.500000000000000000e+01	6.526573268231048714e+05	1.315489050927527249e+06
2.800000000000000000e+02	4.222059999999999924e+00	4.225010000000000154e+00	-3.796940000000000204e+00	-3.790900000000000158e+00	4.020000000000000797e+23	1.564999999999999864e+23	3.501249999999999574e+01	4.945027156549520697e+01	6.000000000000000000e+01	4.500000000000000000e+01	7.496235582368234172e+05	1.545640249022021424e+06
2.810000000000000000e+02	4.225010000000000154e+00	4.228329999999999700e+00	-3.790900000000000158e+00	-3.784089999999999954e+00	4.270000000000000524e+23	1.799999999999999916e+23	3.501249999999999574e+01	4.931674999999999898e+01	6.000000000000000000e+01	4.500000000000000000e+01	7.962419387241880177e+05	1.725177283220216399e+06
2.820000000000000000e+02	4.228329999999999700e+00	4.232059999999999711e+00	-3.784089999999999954e+00	-3.776460000000000150e+00	4.540000000000000042e+23	2.190000000000000189e+23	3.501250000000000284e+01	4.937089611872144701e+01	6.000000000000000000e+01	4.500000000000000000e+01	8.465897896505416138e+05	2.023132361251263646e+06
2.830000000000000000e+02	4.232059999999999711e+00	4.236239999999999561e+00	-3.776460000000000150e+00	-3.767889999999999961e+00	5.700000000000001300e+23	3.043750000000000422e+23	3.501249999999999574e+01	4.923849281314167570e+01	6.000000000000000000e+01	4.500000000000000000e+01	1.062899075111913728e+06	2.675386586556408089e+06
2.840000000000000000e+02	4.236239999999999561e+00	4.240899999999999892e+00	-3.767889999999999961e+00	-3.758350000000000080e+00	6.640000000000001510e+23	4.003750000000000422e+23	3.501249999999999574e+01	4.933811738994693030e+01	6.000000000000000000e+01	4.500000000000000000e+01	1.238184185744404793e+06	3.408814470940523781e+06
2.850000000000000000e+02	4.240899999999999892e+00	4.246089999999999698e+00	-3.758350000000000080e+00	-3.747739999999999849e+00	6.879999999999998993e+23	4.828749999999999992e+23	3.501250000000000284e+01	4.919399171628268164e+01	6.000000000000000000e+01	4.500000000000000000e+01	1.282937831012274371e+06	4.039104059083122294e+06
2.860000000000000000e+02	4.246089999999999698e+00	4.251859999999999751e+00	-3.747739999999999849e+00	-3.735930000000000195e+00	6.290000000000000147e+23	4.651249999999999924e+23	3.501250000000000284e+01	4.919024993281375657e+01	6.000000000000000000e+01	4.500000000000000000e+01	1.172918453062094050e+06	3.903496299210017547e+06
2.870000000000000000e+02	4.251859999999999751e+00	4.258259999999999934e+00	-3.735930000000000195e+00	-3.722799999999999887e+00	4.999999999999998574e+23	3.957500000000000026e+23	3.501250000000000284e+01	4.928270056854074710e+01	6.000000000000000000e+01	4.500000000000000000e+01	9.323676097472923575e+05	3.373480054635559209e+06
2.880000000000000000e+02	4.258259999999999934e+00	4.265390000000000015e+00	-3.722799999999999887e+00	-3.708200000000000163e+00	4.409999999999999727e+23	3.553750000000000779e+23	3.501250000000000284e+01	4.932981357720716176e+01	6.000000000000000000e+01	4.500000000000000000e+01	8.223482317971120356e+05	3.065020150135469623e+06
2.890000000000000000e+02	4.265390000000000015e+00	4.273320000000000007e+00	-3.708200000000000163e+00	-3.691969999999999974e+00	3.719999999999999916e+23	3.091250000000000176e+23	3.501250000000000284e+01	4.928496158511929082e+01	6.000000000000000000e+01	4.500000000000000000e+01	6.936815016519856872e+05	2.711675987085830420e+06
2.900000000000000000e+02	4.273320000000000007e+00	4.282160000000000188e+00	-3.691969999999999974e+00	-3.673869999999999969e+00	2.989999999999999518e+23	2.566250000000000144e+23	3.501250000000000284e+01	4.927892839746711218e+01	6.000000000000000000e+01	4.500000000000000000e+01	5.575558306288808817e+05	2.310582612813266926e+06
2.910000000000000000e+02	4.282160000000000188e+00	4.292019999999999946e+00	-3.673869999999999969e+00	-3.653690000000000104e+00	2.279999999999999581e+23	2.048749999999999615e+23	3.501250000000000284e+01	4.925363636363637454e+01	6.000000000000000000e+01	4.500000000000000000e+01	4.251596300447653630e+05	1.915219143887454411e+06
2.920000000000000000e+02	4.292019999999999946e+00	4.303110000000000213e+00	-3.653690000000000104e+00	-3.630980000000000096e+00	1.590000000000000105e+23	1.468749999999999992e+23	3.501250000000000284e+01	4.930046808510638812e+01	6.000000000000000000e+01	4.500000000000000000e+01	2.964928998996390146e+05	1.472106463738718303e+06
2.930000000000000000e+02	4.303110000000000213e+00	4.315599999999999881e+00	-3.630980000000000096e+00	-3.605399999999999938e+00	1.100000000000000042e+23	1.017750000000000024e+23	3.501250000000000284e+01	4.915533038565462221e+01	6.000000000000000000e+01	4.500000000000000000e+01	2.051208741444043699e+05	1.127548155554097379e+06
2.940000000000000000e+02	4.315599999999999881e+00	4.329850000000000421e+00	-3.605399999999999938e+00	-3.576220000000000176e+00	8.090000000000002412e+22	7.368749999999999699e+22	3.501249999999999574e+01	4.934170483460560064e+01	6.000000000000000000e+01	4.500000000000000000e+01	1.508570792571119964e+05	9.129632003182761837e+05
2.950000000000000000e+02	4.329850000000000421e+00	4.346239999999999881e+00	-3.576220000000000176e+00	-3.542670000000000208e+00	5.350000000000000944e+22	5.020000000000000210e+22	3.501249999999999574e+01	4.922625498007967337e+01	6.000000000000000000e+01	4.500000000000000000e+01	9.976333424296032172e+04	7.335216645425270544e+05
2.960000000000000000e+02	4.346239999999999881e+00	4.363879999999999981e+00	-3.542670000000000208e+00	-3.504509999999999792e+00	3.449999999999999476e+22	3.419999999999999371e+22	3.501250000000000284e+01	4.919165570175439939e+01	6.000000000000000000e+01	4.500000000000000000e+01	6.433336507256317418e+04	6.112836838118410669e+05
2.970000000000000000e+02	4.363879999999999981e+00	4.380630000000000024e+00	-3.504509999999999792e+00	-3.462530000000000108e+00	3.487499999999999921e+22	2.731249999999999672e+22	3.501252688172042582e+01	4.875894279176201707e+01	6.000000000000000000e+01	4.500000000000000000e+01	6.503264077987365454e+04	5.586640530441786395e+05
2.980000000000000000e+02	4.380630000000000024e+00	4.399899999999999700e+00	-3.462530000000000108e+00	-3.412720000000000198e+00	2.272500000000000079e+22	1.701249999999999987e+22	3.501256875687568737e+01	4.876385011021307747e+01	6.000000000000000000e+01	4.500000000000000000e+01	4.237610786301444750e+04	4.799733529487996129e+05
2.990000000000000000e+02	4.399899999999999700e+00	4.431910000000000238e+00	-3.412720000000000198e+00	-3.340840000000000032e+00	1.118499999999999764e+22	1.034249999999999934e+22	3.501260058113545881e+01	4.873661832245588954e+01	6.000000000000000000e+01	4.500000000000000000e+01	2.085706343004692826e+04	4.290153947316949489e+05
3.000000000000000000e+02	4.431910000000000238e+00	4.456839999999999691e+00	-3.340840000000000032e+00	-3.286810000000000009e+00	5.972499999999999869e+21	6.488750000000000328e+21	3.501262034323985262e+01	4.923675207089192440e+01	6.000000000000000000e+01	4.500000000000000000e+01	1.113713109843140955e+04	3.995732310916399001e+05
3.010000000000000000e+02	4.456839999999999691e+00	4.477820000000000356e+00	-3.286810000000000009e+00	-3.229969999999999786e+00	4.662500000000000918e+21	4.471250000000000197e+21	3.501262734584449277e+01	4.886187587363712481e+01	6.000000000000000000e+01	4.500000000000000000e+01	8.694327960893504496e+03	3.841597857088799356e+05
3.020000000000000000e+02	4.477820000000000356e+00	4.500280000000000058e+00	-3.229969999999999786e+00	-3.157259999999999955e+00	3.192499999999999869e+21	3.264999999999999738e+21	3.501262725137039666e+01	4.883366003062786831e+01	6.000000000000000000e+01	4.500000000000000000e+01	5.953167188236462607e+03	3.749441879428555840e+05
3.030000000000000000e+02	4.500280000000000058e+00	4.507130000000000081e+00	-3.157259999999999955e+00	-3.104200000000000070e+00	3.810000000000000524e+21	2.861250000000000197e+21	3.501263123359579765e+01	4.868390563564874896e+01	6.000000000000000000e+01	4.500000000000000000e+01	7.104641186274370739e+03	3.718595888978546718e+05
3.040000000000000000e+02	4.507130000000000081e+00	4.510440000000000005e+00	-3.104200000000000070e+00	-3.049500000000000099e+00	3.372500000000000393e+21	2.528749999999999803e+21	3.501262045959970237e+01	4.898435986159169175e+01	6.000000000000000000e+01	4.500000000000000000e+01	6.288819527745488813e+03	3.693193308607951039e+05
3.050000000000000000e+02	4.510440000000000005e+00	4.508689999999999642e+00	-3.049500000000000099e+00	-3.003120000000000012e+00	3.407500000000000131e+21	2.342500000000000393e+21	3.501261922230373358e+01	4.821846318036285339e+01	6.000000000000000000e+01	4.500000000000000000e+01	6.354085260427798858e+03	3.678964043663520133e+05
3.060000000000000000e+02	4.508689999999999642e+00	4.494819999999999816e+00	-3.003120000000000012e+00	-2.931200000000000028e+00	3.612499999999999869e+21	2.063749999999999803e+21	3.501259515570934155e+01	4.793031496062992858e+01	6.000000000000000000e+01	4.500000000000000000e+01	6.736355980424189511e+03	3.657667895458095591e+05
3.070000000000000000e+02	4.494819999999999816e+00	4.476989999999999803e+00	-2.931200000000000028e+00	-2.877159999999999940e+00	3.494999999999999738e+21	1.658875000000000033e+21	3.501253576537911272e+01	4.814214678622560228e+01	6.000000000000000000e+01	4.500000000000000000e+01	6.517249592133573969e+03	3.626735956427885103e+05
3.080000000000000000e+02	4.476989999999999803e+00	4.452910000000000146e+00	-2.877159999999999940e+00	-2.819049999999999834e+00	1.588750000000000328e+21	1.328250000000000197e+21	3.501337529504326795e+01	4.907952192734800434e+01	6.000000000000000000e+01	4.500000000000000000e+01	2.962598079972022788e+03	3.601476623690958368e+05
3.090000000000000000e+02	4.452910000000000146e+00	4.427229999999999777e+00	-2.819049999999999834e+00	-2.779520000000000213e+00	1.561249999999999934e+21	9.920000000000000000e+20	3.501465172137710624e+01	4.982835055443548811e+01	6.000000000000000000e+01	4.500000000000000000e+01	2.911317861435921259e+03	3.575787548053025384e+05
3.100000000000000000e+02	4.427229999999999777e+00	4.400649999999999729e+00	-2.779520000000000213e+00	-2.740510000000000002e+00	1.268124999999999967e+21	8.168750000000000328e+20	3.501586988664367084e+01	5.045872073450650674e+01	6.000000000000000000e+01	4.500000000000000000e+01	2.364717350221570541e+03	3.562408219068361796e+05
3.110000000000000000e+02	4.400649999999999729e+00	4.372230000000000061e+00	-2.740510000000000002e+00	-2.708520000000000039e+00	1.146625000000000098e+21	6.622500000000001966e+20	3.501716995530360066e+01	5.132739524348809113e+01	6.000000000000000000e+01	4.500000000000000000e+01	2.138152021052978853e+03	3.550595064211810241e+05
3.120000000000000000e+02	4.372230000000000061e+00	4.342579999999999885e+00	-2.708520000000000039e+00	-2.679920000000000080e+00	9.782499999999999345e+20	5.581249999999999672e+20	3.501840020444672064e+01	5.206768197088465655e+01	6.000000000000000000e+01	4.500000000000000000e+01	1.824177228470577575e+03	3.542640045622071484e+05
3.130000000000000000e+02	4.342579999999999885e+00	4.312090000000000423e+00	-2.679920000000000080e+00	-2.651679999999999815e+00	7.972499999999999345e+20	4.882500000000000655e+20	3.501965349639385749e+01	5.203849206349205758e+01	6.000000000000000000e+01	4.500000000000000000e+01	1.486660153742057901e+03	3.537301683807348600e+05
3.140000000000000000e+02	4.312090000000000423e+00	4.279620000000000424e+00	-2.651679999999999815e+00	-2.631219999999999892e+00	7.082499999999999345e+20	3.900000000000000000e+20	3.502072008471584752e+01	5.307682692307691497e+01	6.000000000000000000e+01	4.500000000000000000e+01	1.320698719207039858e+03	3.529795507803104701e+05
3.150000000000000000e+02	4.279620000000000424e+00	4.246319999999999872e+00	-2.631219999999999892e+00	-2.610250000000000181e+00	5.645000000000000655e+20	3.606249999999999672e+20	3.502176705048714922e+01	5.305970537261698894e+01	6.000000000000000000e+01	4.500000000000000000e+01	1.052643031404693374e+03	3.527551294875627500e+05
3.160000000000000000e+02	4.246319999999999872e+00	4.211649999999999672e+00	-2.610250000000000181e+00	-2.592179999999999929e+00	4.547749999999999672e+20	3.147500000000000000e+20	3.502257984717716965e+01	5.340503177124701750e+01	6.000000000000000000e+01	4.500000000000000000e+01	8.480349594456498608e+02	3.524046502771864762e+05
3.170000000000000000e+02	4.211649999999999672e+00	4.175220000000000375e+00	-2.592179999999999929e+00	-2.578590000000000160e+00	3.600500000000000655e+20	2.877500000000000000e+20	3.502326065824190948e+01	5.269947437011293800e+01	6.000000000000000000e+01	4.500000000000000000e+01	6.713979157790254249e+02	3.521983736847034306e+05
3.180000000000000000e+02	4.175220000000000375e+00	4.137819999999999609e+00	-2.578590000000000160e+00	-2.564639999999999809e+00	2.725250000000000000e+20	2.565625000000000164e+20	3.502373635446289768e+01	5.357046041412910142e+01	6.000000000000000000e+01	4.500000000000000000e+01	5.081869656927618166e+02	3.519601051207010169e+05
3.190000000000000000e+02	4.137819999999999609e+00	4.098440000000000083e+00	-2.564639999999999809e+00	-2.555480000000000196e+00	2.031450000000000000e+20	2.287500000000000000e+20	3.502405916955869003e+01	5.376575792349726157e+01	6.000000000000000000e+01	4.500000000000000000e+01	3.788116361642275365e+02	3.517476211307590129e+05
3.200000000000000000e+02	4.098440000000000083e+00	4.040009999999999657e+00	-2.555480000000000196e+00	-2.544799999999999951e+00	1.314250000000000000e+20	2.052250000000000000e+20	3.502430093209054718e+01	5.345902728712388807e+01	6.000000000000000000e+01	4.500000000000000000e+01	2.450728262220758324e+02	3.515678930997159332e+05
3.210000000000000000e+02	4.040009999999999657e+00	4.040000000000000036e+00	-2.544799999999999951e+00	-2.482909999999999950e+00	1.832375000000000000e+19	3.152500000000000000e+20	3.502438774814107347e+01	5.324882236320380713e+01	6.000000000000000000e+01	4.500000000000000000e+01	3.416894197821390833e+01	3.524084702140843146e+05
3.220000000000000000e+02	4.040000000000000036e+00	4.040000000000000036e+00	-2.482909999999999950e+00	-2.411589999999999900e+00	1.386435000000000000e+19	3.457500000000000000e+20	3.502440161276943797e+01	5.279020968908170630e+01	6.000000000000000000e+01	4.500000000000000000e+01	2.585334174039974897e+01	3.526414863648521714e+05
3.230000000000000000e+02	4.040000000000000036e+00	4.040000000000000036e+00	-2.411589999999999900e+00	-1.975440000000000085e+00	7.386500000000000000e+18	2.923750000000000000e+20	3.502442801055980226e+01	5.205320222317229195e+01	6.000000000000000000e+01	4.500000000000000000e+01	1.377386669879675374e+01	3.522337081010083784e+05
