8.282585584428197664e-10
4.384148966436352879e+00
9.947211687375633105e+00
1.593878607190755403e+01
1.581835384610147699e+01
1.376404171424104028e+01
1.464391274293641132e+01
2.047511766666369226e+01
2.035411869069674395e+01
1.796189016271192784e+01
1.698709162529690886e+01
2.276018541300285847e+01
2.263912525031855338e+01
2.015151211286504562e+01
1.860385070770967175e+01
2.441123728086206057e+01
2.429014558552544756e+01
2.176815655425141216e+01
2.007892070700189535e+01
2.593169866305381532e+01
2.581054765437922072e+01
2.320022231630496634e+01
2.119692904783071086e+01
2.705122736072256728e+01
2.693005912357708098e+01
2.429607054533267529e+01
2.214197911415477549e+01
2.800437906089989326e+01
2.788318887105206656e+01
2.523118726758099584e+01
2.298095747868647010e+01
2.887578235172050256e+01
2.875459183471469515e+01
2.608716480761098211e+01
2.404755414707348393e+01
2.996203795408688109e+01
2.984082558347117953e+01
2.714307081750629891e+01
2.478062523996168309e+01
3.068352019197096681e+01
3.056229204489294204e+01
2.505234909471019833e+01
2.423382451893289868e+01
2.406295933350069305e+01
2.406295933298721224e+01
