5.531066907686709280e-10
2.927711524311289892e+00
6.642695427287415022e+00
1.064383715596847502e+01
1.056341315165425065e+01
9.191554360124834844e+00
9.779127585929936473e+00
1.367317543569861193e+01
1.359237295862032191e+01
1.199485538251012962e+01
1.134389006775450781e+01
1.519913160780996542e+01
1.511828827056499946e+01
1.345707335603831289e+01
1.242355324385831317e+01
1.630169532491289885e+01
1.622083093032924950e+01
1.453665997547017241e+01
1.340859719860421784e+01
1.731705140541842169e+01
1.723614740170093995e+01
1.549298592772079886e+01
1.415519726369763731e+01
1.806466675677959799e+01
1.798375124798023705e+01
1.622478758719506686e+01
1.478629670657927875e+01
1.870117642795856838e+01
1.862024625926055066e+01
1.684925359536720535e+01
1.534656202723600060e+01
1.928309494313436545e+01
1.920216455596199623e+01
1.742087087563825065e+01
1.605882964901049093e+01
2.000849069718895734e+01
1.992754571629135540e+01
1.812599933213613213e+01
1.654837065302724852e+01
2.049029272504209587e+01
2.040933720870620860e+01
1.672982640808208998e+01
1.618322001952612155e+01
1.606911715114201655e+01
1.606911715079910152e+01
