Bin_Index,Flux_Ion,Flux_Atom,E_ion,E_atom,alpha_ion,alpha_atom,heat_total
43,0.000000000000000000e+00,0.000000000000000000e+00,0.000000000000000000e+00,0.000000000000000000e+00,0.000000000000000000e+00,0.000000000000000000e+00,0.000000000000000000e+00
44,0.000000000000000000e+00,0.000000000000000000e+00,0.000000000000000000e+00,0.000000000000000000e+00,0.000000000000000000e+00,0.000000000000000000e+00,0.000000000000000000e+00
45,0.000000000000000000e+00,0.000000000000000000e+00,0.000000000000000000e+00,0.000000000000000000e+00,0.000000000000000000e+00,0.000000000000000000e+00,0.000000000000000000e+00
46,0.000000000000000000e+00,0.000000000000000000e+00,0.000000000000000000e+00,0.000000000000000000e+00,0.000000000000000000e+00,0.000000000000000000e+00,0.000000000000000000e+00
47,0.000000000000000000e+00,0.000000000000000000e+00,0.000000000000000000e+00,0.000000000000000000e+00,0.000000000000000000e+00,0.000000000000000000e+00,0.000000000000000000e+00
48,0.000000000000000000e+00,0.000000000000000000e+00,0.000000000000000000e+00,0.000000000000000000e+00,0.000000000000000000e+00,0.000000000000000000e+00,0.000000000000000000e+00
49,0.000000000000000000e+00,0.000000000000000000e+00,0.000000000000000000e+00,0.000000000000000000e+00,0.000000000000000000e+00,0.000000000000000000e+00,0.000000000000000000e+00
50,6.254980072240638362e+19,6.620145000000000098e+21,9.083639999999999493e-01,4.342240000000000322e+01,6.000000000000000000e+01,4.500000000000000000e+01,2.273842488815047545e+04
51,2.229116964059707146e+20,6.732065000000000623e+21,9.173879999999999812e-01,4.342240000000000322e+01,6.000000000000000000e+01,4.500000000000000000e+01,2.301366165736675612e+04
52,7.664799637507144417e+20,8.422099999999999869e+21,9.687695000000000611e-01,4.342240000000000322e+01,6.000000000000000000e+01,4.500000000000000000e+01,2.699390908174542710e+04
53,2.782738795896997151e+21,1.534015000000000007e+22,1.076830000000000176e+00,4.342240000000000322e+01,6.000000000000000000e+01,4.500000000000000000e+01,3.774305501067695150e+04
54,4.831671827379820639e+22,1.666370999999999813e+23,1.297000000000000153e+00,4.342240000000000322e+01,6.000000000000000000e+01,4.500000000000000000e+01,2.308221128366669000e+05
55,2.059293867551341150e+23,7.034963333333333291e+23,1.783509999999999929e+00,4.342240000000000322e+01,6.000000000000000000e+01,4.500000000000000000e+01,9.616947854597595287e+05
56,1.251168937182785217e+23,2.656280000000000178e+23,2.241789999999999949e+00,4.342240000000000322e+01,6.000000000000000000e+01,4.500000000000000000e+01,5.994447835594422650e+05
57,3.597883197924119780e+22,3.372767500000000003e+22,1.278912499999999852e+01,4.342240000000000322e+01,6.000000000000000000e+01,4.500000000000000000e+01,2.660046369056523545e+05
58,5.767907158964187431e+21,1.347604999999999967e+21,7.316949999999999932e+01,4.342240000000000322e+01,6.000000000000000000e+01,4.500000000000000000e+01,2.412727763038711564e+05
59,1.930880695942728385e+21,3.106266666666666885e+20,1.042976666666666716e+02,4.342240000000000322e+01,6.000000000000000000e+01,4.500000000000000000e+01,1.566342248452662898e+05
60,4.448906710307137782e+20,1.455828499999999918e+20,1.004245666666666494e+02,4.342240000000000322e+01,6.000000000000000000e+01,4.500000000000000000e+01,9.339214550929956022e+04
61,7.739291783849708749e+19,8.600128539999998771e+19,8.555096000000000345e+01,4.342240000000000322e+01,6.000000000000000000e+01,4.500000000000000000e+01,7.260693268127439660e+04
